##1 COMMENT LINE ONLY:: sat_id a_sst_night b_sst_night c_sst_night d_sst_night e_sst_night f_sst_night gain_sst_night offset_sst_night a_sst_day b_sst_day c_sst_day d_sst_day e_sst_day f_sst_day g_sst_day gain_sst_day offset_sst_day a_ist_lss240 b_ist_lss240 c_ist_lss240 d_ist_lss240 a_ist_range240-260 b_ist_range240-260 c_ist_range240-260 d_ist_range240-260 a_ist_grt260 b_ist_grt260 c_ist_grt260 d_ist_grt260
noaa7 1.01728 0.03037 1.24856 0.08426 -3.89277 -7.21553 0.0 0.0 1.02262 0.00912 -1.13547 0.29602 0.00969 -6.01590 -1.44820 0.0 0.0 -3.15180 1.01341 0.93564 0.02495 -3.38340 1.01366 1.52775 0.01233 -3.62886 1.01434 1.49753 0.32873
noaa9 1.01871 0.03213 1.40724 0.05423 -4.24249 -7.68699 0.0 0.0 1.02553 0.01313 -0.60318 0.28305 0.00843 -6.73886 -2.49523 0.0 0.0 -2.89434 1.01238 0.73633 0.03392 -3.96853 1.01579 1.60136 -0.07294 -4.95859 1.01917 1.67851 0.28765
noaa11 1.01866 0.03148 1.31134 0.06446 -4.25333 -7.52029 0.0 0.0 1.02431 0.01142 -1.01728 0.27839 0.00957 -6.45182 -2.06865 0.0 0.0 -2.94537 1.01256 0.80477 0.02875 -3.52994 1.01408 1.55334 -0.04305 -4.37347 1.01694 1.60349 0.28351
noaa12 1.01579 0.02983 1.14930 0.11497 -3.47731 -7.04590 0.0 0.0 1.02115 0.00822 -1.44226 0.30361 0.01070 -5.62978 -1.22290 0.0 0.0 -3.80957 1.01635 1.08612 0.05628 -2.45254 1.01041 1.31951 0.15909 -2.86030 1.01175 1.39748 0.37574
noaa14 1.01640 0.02915 1.05074 0.10687 -3.65356 -6.83634 0.0 0.0 1.02333 0.00665 -1.15131 0.29205 0.00888 -6.22540 -0.73695 0.0 0.0 -3.45832 1.01469 0.93275 0.00155 -3.19604 1.01309 1.27299 0.05608 -3.14519 1.01264 1.24742 0.31873
noaa15 1.01855 0.02905 1.20324 0.07550 -4.41940 -6.95533 0.0 0.0 1.02342 0.01009 -1.21440 0.27806 0.01006 -6.23032 -1.71728 0.0 0.0 -3.56173 1.01520 1.07877 0.05581 -3.47579 1.01427 1.56022 0.09864 -3.61679 1.01467 1.48129 0.40322
noaa16 1.01531 0.02385 1.04917 0.14037 -3.64534 -5.58498 0.0 0.0 1.01645 0.00014 -1.95980 0.35027 0.01213 -4.45090 0.91701 0.0 0.0 -3.53659 1.01514 1.21312 0.06273 -1.64335 1.00726 1.14418 0.22182 -1.12456 1.00495 1.33341 0.34313
noaa17 1.01811 0.03081 1.22122 0.07635 -4.08931 -7.31389 0.0 0.0 1.02392 0.01025 -1.07042 0.27846 0.00943 -6.35402 -1.73739 0.0 0.0 -3.17280 1.01353 0.84320 0.03168 -3.41004 1.01374 1.46846 0.00221 -4.08373 1.01601 1.48153 0.30949
noaa18 1.01593 0.02683 0.98969 0.11903 -3.55909 -6.23845 0.0 0.0 1.01987 0.00212 -1.53130 0.30351 0.00996 -5.34952 0.43173 0.0 0.0 -3.04596 1.01287 0.85230 -0.00213 -2.46457 1.01000 1.15990 0.03534 -2.27026 1.00886 1.24532 0.22732
noaa19 1.01500 0.02405 0.90622 0.13705 -3.37403 -5.51040 0.0 0.0 1.01779 -0.00224 -1.69940 0.32175 0.01015 -4.80906 1.61212 0.0 0.0 -3.24543 1.01375 0.93709 0.00328 -2.08332 1.00873 1.00743 0.11042 -1.13714 1.00476 1.10571 0.25310
metop02 1.01937 0.03637 1.19980 0.05820 -4.45263 -8.87747 0.0 0.0 1.03039 0.01749 -0.29966 0.25514 0.00629 -8.13237 -3.73728 0.0 0.0 -3.21614 1.01371 0.86601 0.03649 -3.20022 1.01295 1.44255 0.02370 -3.87652 1.01525 1.46076 0.31115
metop01 1.01937 0.03637 1.19980 0.05820 -4.45263 -8.87747 0.0 0.0 1.03039 0.01749 -0.29966 0.25514 0.00629 -8.13237 -3.73728 0.0 0.0 -3.21614 1.01371 0.86601 0.03649 -3.20022 1.01295 1.44255 0.02370 -3.87652 1.01525 1.46076 0.31115
