0 149.815422045 206.155026101 0.997383304448 0.998440789327 0.995560881623 259.954353909 259.920153765 259.752892411
1 64.9725193334 303.707892754 0.99713744491 0.998435838839 0.995555349582 259.949978118 259.919910913 259.752568285
2 146.840900735 388.001795735 0.997388215195 0.998443960296 0.9955622281 259.954441562 259.920337252 259.752954265
3 156.829208041 322.186848057 0.997012284074 0.998413320925 0.995569199201 259.94739733 259.918693509 259.753375947
4 218.030866206 302.785692838 0.997381342665 0.998441803764 0.995566564277 259.954306761 259.920215636 259.75320209
5 259.821978742 325.417309848 0.997046796605 0.998443162024 0.995562079704 259.948577049 259.920277422 259.752956421
6 136.780554568 322.906570831 0.99739990139 0.998421216744 0.995559411404 259.954641376 259.919160969 259.75279705
7 133.221643565 314.771648636 0.99731517652 0.998437496532 0.995562318945 259.953137101 259.919992823 259.752956904
8 155.582255898 359.530595685 0.997355175109 0.998438962777 0.99555478735 259.953867677 259.920061695 259.752523566
9 142.22048808 303.000842071 0.997051044351 0.998421226389 0.995545860373 259.948450745 259.919188482 259.752031133
10 191.939121861 305.074008485 0.997282285404 0.998435044146 0.995555712392 259.952593125 259.919888691 259.752581243
11 269.721502374 366.183287876 0.997318960078 0.998422284754 0.995523353706 259.953202296 259.919189874 259.750873937
12 160.876850543 343.382847128 0.997351928708 0.998434180895 0.995564898516 259.953796757 259.919822528 259.753110891
13 177.251821146 207.346981651 0.997181795317 0.998443913248 0.995544211568 259.950771533 259.920312797 259.751966169
14 244.458879253 341.221928922 0.997199519542 0.998427124229 0.995561664503 259.951204706 259.919484681 259.752931268
15 164.203918749 313.92198027 0.997269373562 0.998446473211 0.995554508417 259.952395236 259.920446861 259.752513334
16 118.620673408 338.702699282 0.997357302699 0.99843174873 0.995556282827 259.953892813 259.919698163 259.752615536
17 178.02388931 337.01677615 0.997391333257 0.998387369158 0.995552750581 259.954492117 259.917445482 259.752421233
18 57.7757264113 372.643212695 0.997265263863 0.998444401797 0.995533621202 259.952230459 259.920335285 259.751381585
19 126.758412338 303.431960023 0.99740461543 0.998439743551 0.995550063182 259.954724854 259.920107179 259.752260202
20 216.804215179 417.610888188 0.997364806978 0.998441969308 0.995558988945 259.954017347 259.920223508 259.752765558
21 131.71761638 303.103744861 0.997274873971 0.998387611459 0.995538230014 259.952460734 259.917518547 259.751614104
22 189.144984089 360.096248341 0.9971507669 0.998441130429 0.995547381885 259.95029952 259.920174196 259.752112475
23 219.803962346 293.500736323 0.996757321333 0.99844526524 0.995557475054 259.943223817 259.920380138 259.752685855
24 138.86780286 247.799458342 0.997280324382 0.998391988748 0.995456078479 259.952535541 259.917621363 259.747221629
25 112.159666077 361.196964629 0.997388624898 0.998424608361 0.995558153197 259.954443715 259.919332768 259.752718308
26 285.184454995 290.925396275 0.996715415719 0.998383741478 0.995561502137 259.942699988 259.917259677 259.752911011
27 69.4467824043 430.913214616 0.997256191844 0.998434199876 0.995553435255 259.952109031 259.919825947 259.752454868
28 212.113488775 289.826489839 0.997350132316 0.998436657879 0.995557660527 259.953801528 259.919952492 259.752696294
29 156.764378248 264.016928749 0.997363927018 0.998447292582 0.995556690888 259.954021521 259.920486726 259.75264225
30 126.800250336 314.66874166 0.996749122083 0.998427970415 0.995560359083 259.943064622 259.919479805 259.752842229
31 185.631918938 293.512767883 0.996985270972 0.998436381402 0.995548886193 259.94747206 259.919930005 259.752207978
32 170.848411796 250.229666448 0.997384948844 0.998338523285 0.995569333273 259.95439331 259.91490306 259.753372108
33 85.6597569496 232.693649494 0.997347145149 0.998413759449 0.995555459692 259.953730576 259.918792654 259.752585123
34 125.339661051 310.370670193 0.997283736281 0.998441601058 0.99556375775 259.952593575 259.92019731 259.753050713
35 162.145819601 322.516766915 0.997369279567 0.998441666068 0.995550227208 259.954094305 259.920199297 259.752284354
36 142.695418784 216.71648522 0.997360325465 0.998436040081 0.995555445991 259.953947611 259.919925609 259.752579893
37 147.086056684 321.859801487 0.996904027173 0.998438105794 0.995560358726 259.94532173 259.920009263 259.752846614
38 95.7802641806 232.216095976 0.997207328172 0.998423555724 0.995458793501 259.951264801 259.919269597 259.747380966
39 133.837164593 321.836377549 0.997400630363 0.998440767103 0.995555114446 259.95465461 259.920155069 259.752550587
40 101.6286805 345.599793855 0.99268939491 0.998411927208 0.995553851149 259.870560073 259.91876226 259.752477495
41 223.012935164 365.904448404 0.997327485768 0.998437012923 0.995457629847 259.953333391 259.919968769 259.747148863
42 168.032171713 207.391234165 0.997381821116 0.998420222464 0.995559541528 259.954332759 259.919162904 259.752805666
43 158.259224295 227.76774895 0.997113551155 0.99843860693 0.995571870083 259.949676966 259.920048615 259.75350492
44 211.392582827 303.866081613 0.996800341852 0.998443933393 0.995545468665 259.944173685 259.920317746 259.751990732
45 145.570693062 320.899653382 0.997329476655 0.998432249164 0.995557181043 259.953423235 259.91972772 259.752670648
46 179.822993017 261.887602613 0.997339804251 0.998425574407 0.995547389888 259.953564589 259.919423874 259.752125972
47 221.544322177 316.083774931 0.99736879465 0.998433578136 0.995558681564 259.954095263 259.919784673 259.752753497
48 60.9458607127 317.098147176 0.997364050139 0.99841226861 0.995556391964 259.954018746 259.918726447 259.752622173
49 83.3889892579 300.910462704 0.99737590717 0.998437952573 0.995562619269 259.954225572 259.920012321 259.752981128
50 195.43764934 266.962809834 0.997332461309 0.998434120955 0.995562571043 259.953442072 259.919830389 259.752977997
51 177.613669819 324.481573099 0.996289560595 0.99844591607 0.995541794116 259.935070726 259.920422358 259.751833647
52 134.091053824 356.436310334 0.997320975419 0.998351031297 0.995554920411 259.953272497 259.915444806 259.75253237
53 107.63167943 306.120683166 0.997333209596 0.998431398489 0.995528005234 259.95347629 259.919689032 259.751009835
54 126.885943769 324.071022267 0.997340014923 0.998442194099 0.99555553674 259.953581743 259.920225198 259.752574223
55 164.90755841 306.673644486 0.997375806703 0.998441263674 0.995557760917 259.954225954 259.920186012 259.752712699
56 128.853408546 187.803711655 0.99696368049 0.998439741661 0.995552499144 259.947071866 259.920102337 259.752416185
57 144.724476216 284.705021142 0.997291115464 0.998366315093 0.995524796711 259.952764301 259.916526347 259.750907532
58 171.287213331 303.506173101 0.99726063447 0.998419508094 0.995543281736 259.952281167 259.919103692 259.751910529
59 170.283207109 231.350074816 0.997143133443 0.998443243034 0.995554791996 259.950073871 259.92028702 259.752543576
60 198.507576422 306.880401998 0.997360496875 0.998408160828 0.995565243004 259.953963998 259.918479246 259.753119304
61 110.15487993 203.899942148 0.997193606827 0.998446738598 0.995568907214 259.950960665 259.920459875 259.753341712
62 138.150211451 315.912475768 0.9964632642 0.998404003718 0.99553793376 259.938554789 259.918251909 259.751593366
63 117.106647634 287.589292833 0.997128029801 0.998436256473 0.995546803429 259.949964214 259.919953845 259.752068902
64 161.141095182 373.950175197 0.997147852555 0.99844427062 0.995560805452 259.950147984 259.920332733 259.752879906
65 84.8096874839 280.88147858 0.997386842327 0.998443072034 0.995540000047 259.95440448 259.920269921 259.751750277
66 32.5946684352 292.651762811 0.997369039324 0.998433562054 0.995566579774 259.954100341 259.919807155 259.753210003
67 123.490840199 395.618796795 0.997246355568 0.99843253012 0.995552810574 259.951882599 259.919740823 259.752419856
68 160.314968322 279.8328511 0.997383384968 0.998433948599 0.995511820019 259.954369435 259.919815563 259.750206304
69 160.805042131 225.502703186 0.997380235779 0.998438925688 0.995552006707 259.954289306 259.920067202 259.752376115
70 145.668016045 349.72293704 0.997383852596 0.998432942703 0.995493381363 259.954361729 259.919777706 259.749123789
71 158.690937942 308.632805496 0.997398381712 0.998442809031 0.995563416845 259.954620795 259.920259382 259.753028375
72 159.064513854 300.953618029 0.99739503842 0.99843614071 0.995551920218 259.954543735 259.919923289 259.752376601
73 285.95818914 235.601431859 0.996976790767 0.998441945489 0.995558484993 259.94737621 259.920219642 259.752743522
74 162.723993875 213.728870298 0.997402314576 0.998444273377 0.995561022629 259.954689735 259.920336002 259.752885976
75 125.333722361 359.470512716 0.99739335893 0.998442906462 0.995549573521 259.954530312 259.920260413 259.752237963
76 119.765150333 248.748750808 0.997106642721 0.998431236435 0.995560130929 259.949414842 259.919671952 259.75282949
77 233.897857761 404.860505882 0.997176721718 0.998378738566 0.995556314315 259.950632619 259.917067312 259.752618961
78 112.198415153 385.477718894 0.997088343197 0.998444981544 0.995549170622 259.949066859 259.920371018 259.752215817
79 172.319991454 303.965465616 0.997270453265 0.998428944886 0.995556153633 259.952368472 259.919553693 259.752606099
80 139.773755754 320.915709246 0.997395279009 0.99842837987 0.995554197775 259.954563988 259.919516812 259.752500028
81 150.725251273 364.330295215 0.997362663364 0.998355244172 0.995552696696 259.954005288 259.915887925 259.752412045
82 112.874966837 338.779289533 0.997365431722 0.998369726463 0.995560422713 259.954048081 259.916623955 259.752850492
83 120.560544498 361.341732109 0.997383170021 0.998421543026 0.995552615722 259.954351509 259.919174312 259.75242799
84 185.319945463 273.873379924 0.997363454731 0.998413326883 0.995550014334 259.953992113 259.918727148 259.752270285
85 66.0081395596 277.527314834 0.997330199249 0.998434302803 0.995556467275 259.953405973 259.919845278 259.752630318
86 151.790421604 269.397090403 0.997312426242 0.998449939664 0.995550434081 259.953085396 259.920619393 259.752288392
87 111.383872788 189.702724375 0.997363936188 0.998439598869 0.995561171206 259.953997677 259.920109119 259.7528956
88 89.9697529473 412.01758571 0.9973914187 0.998447962984 0.995561655445 259.954481641 259.920516953 259.752929949
89 79.823307594 248.568660317 0.997211258954 0.99843884095 0.995550996551 259.951437019 259.920064032 259.752316631
90 123.028947187 293.075858386 0.994618653383 0.998431127399 0.995555347967 259.906857377 259.919671917 259.752570571
91 68.5521417505 342.534369183 0.997400855942 0.998440037122 0.995559771252 259.954659197 259.92012623 259.752821595
92 105.400916555 219.464470314 0.997269538216 0.99840645822 0.995547857566 259.952260203 259.91844835 259.752138646
93 95.192201486 364.027163693 0.997005031058 0.998431554644 0.995572510122 259.947596608 259.919693447 259.753551582
94 70.7395025385 208.127094511 0.997331161638 0.998440188958 0.995558482909 259.953429076 259.920122206 259.752747953
95 217.492563537 315.767464586 0.99738239057 0.99840745938 0.995558429751 259.954344863 259.918545167 259.752745229
96 98.5802572839 320.304647955 0.997412180977 0.998398934236 0.995560784455 259.95485861 259.918096206 259.752868058
97 226.957348481 349.794534685 0.997356961423 0.998429274849 0.995555268774 259.953890943 259.919573936 259.752550951
98 176.356436767 287.830143868 0.996960859818 0.998439237362 0.995487336217 259.946963657 259.920079432 259.748873961
99 101.899929154 365.794740465 0.997308042355 0.998433520642 0.995564146861 259.952985783 259.919786385 259.753069347
100 75.6276913789 309.447777705 0.996794765648 0.998439901292 0.995406020979 259.944035825 259.920122374 259.744020235
101 161.892002331 402.479832584 0.997071178954 0.998447674133 0.995549497859 259.949135297 259.920511599 259.752252495
102 105.135866324 269.521819663 0.997381919802 0.998436634005 0.995525877017 259.95432211 259.919945313 259.750962116
103 183.042758264 278.881564346 0.997295590962 0.998440858154 0.995558655729 259.952798206 259.920163639 259.752763825
104 192.154153575 264.652299143 0.997379052284 0.998444740592 0.995563618709 259.954285035 259.92034995 259.753033791
105 141.751523106 279.016422315 0.996872823638 0.998426770373 0.995534408411 259.945476023 259.919444871 259.751422024
106 158.171113487 188.392791398 0.996994210883 0.998443731894 0.995631478904 259.947301573 259.920303301 259.756690236
107 140.198246725 298.576088868 0.997281453964 0.998443148791 0.995534352862 259.952544224 259.920274492 259.751413982
108 167.416867363 285.228729925 0.997068581212 0.998439952247 0.995565504865 259.94872785 259.920117573 259.75314649
109 143.863578803 359.119614646 0.997375775536 0.998409200748 0.995536742931 259.954235703 259.918567501 259.75153132
110 177.949312636 398.20228908 0.997347054618 0.998424031611 0.995559803004 259.953718767 259.919350207 259.752827908
111 128.214465247 278.694484733 0.997382909606 0.998353407834 0.995552305426 259.954339573 259.915891369 259.752395549
112 137.658892973 387.925403537 0.997013175664 0.998441731661 0.995557032031 259.947929906 259.920201812 259.752661654
113 126.542681322 301.336983121 0.997268290935 0.99843609346 0.995567999123 259.952244795 259.919936899 259.753278616
114 218.926570396 326.748153619 0.997305883086 0.998443559608 0.995557041947 259.952992715 259.920297641 259.752659737
115 195.2179369 308.225285856 0.997283679287 0.998429458904 0.995550514673 259.952572518 259.91955043 259.752296119
116 158.367862522 244.471769382 0.997311656746 0.998442604049 0.995547916544 259.953086317 259.920252561 259.752157995
117 156.614011493 339.155977023 0.99720994026 0.998414811682 0.995262911146 259.951290006 259.918809796 259.736248644
118 144.834098758 278.943904975 0.997255394935 0.998441261718 0.995552004252 259.952152061 259.920178643 259.752359836
119 173.660139509 220.52899959 0.997128371356 0.998438461026 0.995565651252 259.9499782 259.920052588 259.75314906
120 118.078213034 251.410318994 0.997251001918 0.998429882958 0.99554705047 259.952092062 259.919607602 259.752090614
121 171.125200733 294.388953951 0.997218575361 0.998425486451 0.995536622275 259.951583256 259.919339475 259.751545459
122 94.8092180581 246.331357674 0.991071312421 0.998430270562 0.995561868381 259.838645667 259.919620378 259.752936954
123 127.229284622 397.805163585 0.997217164441 0.998408278537 0.995555972404 259.951417131 259.918466928 259.752596341
124 133.072268392 290.951724548 0.997394410711 0.998436746398 0.995566806276 259.954543381 259.919940956 259.753209903
125 145.077430353 296.982079429 0.996989828527 0.998417125781 0.995556775002 259.947247431 259.91897224 259.75265465
126 74.3513592551 269.418573364 0.997108866516 0.998396603418 0.995563259706 259.949079274 259.91795215 259.753020718
127 190.598308348 322.483587513 0.997367555978 0.998444050328 0.995538274674 259.954063808 259.920329492 259.75158423
128 141.612909292 362.510443359 0.997380733211 0.998443364651 0.99556769663 259.954306612 259.920284707 259.753268475
129 233.710060156 265.156985736 0.997134170013 0.998444584114 0.995555116855 259.949852607 259.920346488 259.752559361
130 126.434442344 296.771297476 0.9971503359 0.998403541079 0.995558597159 259.950288777 259.918219689 259.752748567
131 123.259795398 367.149459435 0.997398142084 0.998439163945 0.995561439 259.954611467 259.92008322 259.752910257
132 237.628781314 297.981426644 0.997100088196 0.998438488599 0.995541679943 259.949412083 259.920044317 259.751802549
133 100.293392621 358.820046121 0.997344062999 0.998442345481 0.995562420064 259.953657772 259.920239213 259.752964146
134 208.739616406 340.465458289 0.997109122565 0.99843720559 0.995554959031 259.949492206 259.919972914 259.752535125
135 128.081321992 263.074919331 0.997127271147 0.998441951428 0.995554429667 259.949872163 259.920213558 259.752517046
136 87.0688396206 234.552898082 0.99718679387 0.998432363612 0.995554996426 259.950807473 259.919749766 259.752547435
137 169.105075225 234.109071533 0.997294407467 0.998423243951 0.995557994573 259.952741801 259.91926725 259.752708742
138 162.042565199 351.992182385 0.997189058172 0.998437374202 0.995547086915 259.950875505 259.919986826 259.752095133
139 121.359841438 249.918438304 0.997354301804 0.998439749172 0.995287239219 259.953807607 259.920111272 259.737489943
140 74.7216831972 274.769354096 0.997353500001 0.998450378691 0.995556392581 259.95383227 259.920637411 259.752620573
141 101.206257312 445.619313707 0.997237342657 0.99844204614 0.995566592257 259.951848836 259.920213216 259.753202727
142 162.451627046 308.939213226 0.997347231614 0.998439313601 0.995528220148 259.953704333 259.920078109 259.751045227
143 170.975280156 296.059625113 0.997379769185 0.998447599479 0.995533036204 259.954296755 259.920505854 259.75133999
144 64.1989556037 352.279849848 0.997318719413 0.998434774573 0.995472117924 259.95318267 259.919834324 259.748128293
145 186.503385137 306.110704951 0.997184254973 0.998442839588 0.995462529565 259.950791672 259.920264534 259.747424343
146 141.142387873 328.019705195 0.997365023059 0.998444757334 0.995429345363 259.954026808 259.920359104 259.745371891
147 56.9923251116 300.08987937 0.996789263185 0.998300546702 0.99555174437 259.944067605 259.913154592 259.752362212
148 124.241763074 288.259033098 0.997331584867 0.998435641741 0.995579173511 259.953365235 259.919901179 259.75390918
149 152.167180721 265.25234047 0.997360006928 0.998442668441 0.99556237965 259.953937827 259.920252839 259.752969642
150 126.380501662 298.203285804 0.996680765671 0.998425980123 0.995559713093 259.941793715 259.919413764 259.752817029
151 88.2842250411 356.546702547 0.99736492514 0.998437975586 0.99555481048 259.954032014 259.920022902 259.752538763
152 142.593791189 223.621074335 0.997388852934 0.998390539278 0.995559995185 259.954453491 259.917587893 259.752824037
153 89.9837458569 288.187259088 0.996837016682 0.998444153753 0.995564367232 259.944771465 259.920325411 259.753081511
154 171.891749267 311.776460669 0.997411085384 0.998440038335 0.995568600179 259.954835787 259.920120358 259.75332587
155 166.696587942 304.454273572 0.997355247297 0.99842020342 0.99556439762 259.953865595 259.919146534 259.75307863
156 201.991884452 301.739016644 0.997097779694 0.998430486557 0.995564420765 259.949397291 259.919635894 259.753089642
157 174.678521305 316.889940585 0.99733463272 0.998409716236 0.995568522334 259.953479628 259.9186573 259.753320682
158 117.132273636 319.945565899 0.997358890576 0.998439885742 0.995563438105 259.953924682 259.920114542 259.753031005
159 161.336092971 346.814900351 0.99733538295 0.998422711916 0.995512494596 259.953522459 259.919225158 259.750134877
160 152.707143441 295.220575775 0.997409427647 0.998429615546 0.99551953141 259.954802922 259.91959586 259.750680187
161 146.289138906 404.596963332 0.997349672544 0.998439328047 0.995527594299 259.953769956 259.920090706 259.751057462
162 78.9451555001 340.133935607 0.997355711517 0.998436907156 0.99555504077 259.953866672 259.919960188 259.75256534
163 156.906648244 256.521138389 0.99729648915 0.998441314932 0.995583293076 259.95284088 259.920189589 259.754062315
164 139.942134202 327.399155544 0.996758847383 0.998431462848 0.995576873222 259.94348404 259.919666173 259.753787792
165 231.75987243 239.534678159 0.997390794408 0.998439658592 0.995486840142 259.954481665 259.920109561 259.748736109
166 190.617305403 287.428816885 0.997378151683 0.998441127762 0.995545532394 259.954257614 259.920181569 259.752018487
167 81.914879602 342.330618439 0.99719965026 0.99843986819 0.995556647559 259.951153978 259.920112907 259.752650713
168 77.7360674769 268.974642027 0.997282504052 0.998436153687 0.995569816219 259.952585767 259.919929613 259.753384276
169 175.959182766 285.270879919 0.997377642612 0.998429637259 0.99556314962 259.954260732 259.919606003 259.753007188
170 197.738598845 306.146513839 0.997389835702 0.99842599558 0.995536126557 259.954464218 259.919399021 259.751513801
171 77.8169117076 311.943241073 0.997390300531 0.998417507947 0.99554700433 259.954479271 259.919009623 259.752102421
172 211.741971461 310.645889918 0.988016333871 0.998431345733 0.995556154273 259.777929325 259.919672713 259.752617113
173 106.518229152 243.720096642 0.997404699086 0.998439178281 0.995547808279 259.954728729 259.920075582 259.752138006
174 149.599243832 430.975626563 0.996951441501 0.998431406144 0.995562833214 259.946785239 259.919700218 259.752992127
175 154.980143092 266.645948617 0.997360241404 0.998443765638 0.995552955848 259.953944845 259.920305352 259.752439671
176 150.44284215 302.011484689 0.997380582334 0.998443655053 0.995537180346 259.95430462 259.920299447 259.751619943
177 106.003715169 354.65786439 0.997321782631 0.998426605969 0.995554715932 259.953251655 259.919433895 259.752569405
178 174.982357348 320.074531806 0.997013334269 0.998447881819 0.995555947934 259.947875985 259.920516956 259.752599738
179 145.208708532 311.555652308 0.997337426281 0.998433351369 0.995561143735 259.953563766 259.919776097 259.752890579
180 111.739018465 295.923517821 0.997380492172 0.998438113034 0.995545868733 259.954317321 259.920015699 259.752028161
181 176.377614227 329.272841995 0.997084673468 0.998446104412 0.99556550471 259.949009127 259.920426536 259.753138632
182 42.2349361146 358.490252252 0.997350246496 0.998408187176 0.995540532408 259.95374495 259.918501392 259.7517667
183 87.9655440824 288.368144555 0.996774579687 0.998438375825 0.995559235771 259.943646938 259.92002665 259.752793596
184 123.361721506 350.629528304 0.996848299811 0.998442841203 0.995554552661 259.944893931 259.920269563 259.752521461
185 130.678103472 272.290964189 0.997348442523 0.998434821499 0.995554741928 259.953735845 259.919853824 259.752539245
186 74.2702973418 301.150765261 0.997296815731 0.998448359421 0.995555667481 259.952850405 259.920541196 259.7525854
187 224.597984316 253.178390988 0.997300218604 0.998437027853 0.995566106713 259.95280159 259.919963771 259.753193417
188 265.035236379 336.238365913 0.997401807071 0.998429728087 0.995553501618 259.954677318 259.91960085 259.752467968
189 163.120646232 257.530612158 0.997234280826 0.998446816293 0.995547278202 259.951712917 259.920468024 259.752110622
190 91.4101744973 144.452653928 0.997251654547 0.998442901626 0.995443816767 259.95206701 259.920269027 259.74624759
191 130.8653515 189.018987893 0.99731160464 0.998445633212 0.995566689927 259.953097475 259.92040301 259.753217691
192 185.667531329 372.471384478 0.997161555176 0.998431406553 0.995520027954 259.950443988 259.919689137 259.750579
193 121.786726356 261.024315859 0.997332966128 0.998396207473 0.995551653728 259.953469695 259.917869832 259.752363068
194 207.190750756 278.044895105 0.997390353242 0.998442913261 0.99554798196 259.954475521 259.920262788 259.752146867
195 166.767497253 390.703120259 0.997216683195 0.99844174742 0.995551968959 259.951471216 259.920207643 259.752399835
196 210.113825323 314.531629724 0.997395356331 0.99843573544 0.995561170361 259.954562675 259.919910086 259.752894568
197 141.063845383 325.101857003 0.996687573234 0.998443498294 0.995552826882 259.942036089 259.920297138 259.752415616
198 127.588923211 342.073294564 0.99739648119 0.998444385627 0.995564481477 259.95458427 259.920340308 259.753081457
199 222.106519754 339.05192952 0.997392515397 0.998439794912 0.99556344283 259.954520857 259.920109831 259.753035087
200 77.595428754 420.060182261 0.997373799568 0.998418754672 0.99555609339 259.954182502 259.919022107 259.752601248
201 137.323835042 329.377791364 0.99710801183 0.998439838034 0.99555267368 259.949566196 259.920106705 259.752409087
202 194.419389268 378.160025558 0.997383582002 0.998442448085 0.995552107598 259.954363787 259.920244831 259.752378373
203 193.251720203 260.577343162 0.997402449537 0.998420041444 0.99553973947 259.954679746 259.919042263 259.751716362
204 270.678848191 269.877765621 0.997280172517 0.998402270006 0.995552366143 259.952512489 259.918279695 259.75240726
205 138.567890963 183.8251849 0.997240227054 0.998439537182 0.995559401397 259.951837174 259.920085776 259.752793773
206 124.581096517 402.358219494 0.996483412501 0.998436546146 0.995558642005 259.937664871 259.919949164 259.752747337
207 158.30286157 335.470922148 0.99738190976 0.998446889127 0.995560999093 259.954328837 259.92046569 259.752888283
208 210.73817732 328.353918334 0.997368787013 0.998433203464 0.995556776998 259.954090336 259.919764359 259.75264369
209 233.252230299 339.847845147 0.997346770475 0.998434208182 0.995605752682 259.953702181 259.919842443 259.75545803
210 144.996263566 269.768012099 0.99739004098 0.998413200178 0.995550074231 259.954475454 259.918815015 259.752280106
211 172.038326274 349.342071883 0.997260132671 0.998411185695 0.995522661448 259.95221761 259.918700277 259.750751357
212 186.888261455 228.675461766 0.997366668862 0.998426959265 0.995560436586 259.954051224 259.919432112 259.752854882
213 198.61086695 342.036599412 0.997206984302 0.99841853633 0.995556030622 259.951299618 259.91905816 259.752603805
214 224.701108628 219.27643063 0.997234942164 0.998442231694 0.995543607392 259.951740046 259.920230822 259.751931651
215 150.597547656 341.044710339 0.997276167263 0.998440896839 0.99533291317 259.952452596 259.920165739 259.740140104
216 147.371131371 286.056835549 0.997393248955 0.9984441502 0.995566345155 259.954515065 259.920327896 259.753193468
217 241.038232972 249.591749522 0.997215573385 0.998431137273 0.995551264004 259.95146477 259.919679028 259.752329545
218 227.678309862 315.923888226 0.9972879512 0.99843465857 0.995554518989 259.952651226 259.919852947 259.752521153
219 172.326140299 294.800021338 0.997395934261 0.998437946895 0.995548739182 259.95456856 259.920009247 259.752189758
220 235.542577715 359.011891458 0.997361654236 0.998441138886 0.995557319278 259.953968574 259.920178967 259.75267576
221 94.0250645531 235.463719602 0.997363253116 0.998439763605 0.995549655612 259.953965983 259.920112902 259.75225154
222 221.139355003 258.949026776 0.997378351966 0.998443350475 0.995554253408 259.954268102 259.920295074 259.752511094
223 179.446901454 173.517461204 0.997331826439 0.998436011167 0.995562849162 259.953407282 259.919907861 259.753000931
224 158.028959619 245.243291464 0.997389532123 0.998442014821 0.995558786796 259.954457225 259.920214059 259.752754071
225 85.2958832294 349.049154683 0.997375912946 0.998425586929 0.995557618589 259.954217227 259.919402726 259.752700169
226 149.932177559 372.369924393 0.997215078277 0.998439334836 0.995558360515 259.951353255 259.920084766 259.752735554
227 187.943539966 357.603363262 0.997373830461 0.998423868748 0.995546958277 259.954182593 259.919329264 259.752094693
228 37.5640676415 333.684250783 0.99702754645 0.99844531489 0.995541653959 259.94828638 259.920373772 259.751785718
229 245.621206571 317.927001213 0.997361609432 0.998442361791 0.995555197541 259.95399337 259.920241632 259.752557714
230 243.495507522 316.685107413 0.997283585286 0.998446911198 0.995553433897 259.952604044 259.920468099 259.752458395
231 139.245857672 295.740920112 0.997190626762 0.9984500492 0.99556858214 259.950956187 259.920659567 259.753288796
232 175.886483149 222.928916765 0.996596979447 0.998339909522 0.99555254328 259.940118745 259.915242413 259.752408546
233 188.381837647 245.020941522 0.997355640865 0.998437404619 0.99555810047 259.953872093 259.919973108 259.752723653
234 175.006562159 204.964503305 0.997413339348 0.998445397823 0.995553896988 259.954880986 259.920385361 259.752482062
235 91.3204190921 268.946792711 0.997408055385 0.998442817298 0.995559835968 259.954793509 259.9202637 259.752821869
236 149.4397877 344.308226562 0.997370159599 0.998427498921 0.995563981223 259.954119152 259.919458944 259.753052762
237 137.163094003 276.913023125 0.996922993321 0.998430568639 0.995557202092 259.946207102 259.919618486 259.752672568
238 148.345221606 366.445770727 0.997268261285 0.998398286696 0.995550748661 259.952384898 259.91800142 259.752303774
239 137.717752382 309.414073034 0.996982425165 0.998414586281 0.99553620016 259.947224368 259.918896539 259.751465113
240 154.113756298 386.489740291 0.997336615829 0.998440059908 0.995546633547 259.95352031 259.920128924 259.752078715
241 137.871228134 290.209413173 0.997392260057 0.998441012335 0.995558533366 259.954499369 259.920163563 259.7527463
242 186.249037938 176.578179614 0.997295095681 0.99842544854 0.995543577221 259.952799073 259.919400196 259.751908267
243 198.410339549 242.053195263 0.99735984456 0.998435258226 0.995567651577 259.953943383 259.9198825 259.753268826
244 173.389727123 295.978061148 0.997395671688 0.998436070376 0.995561709898 259.95457359 259.91993416 259.752932265
245 124.708589979 424.951540527 0.997068583667 0.998446522847 0.995565644111 259.949009249 259.920449978 259.753151522
246 150.503338523 322.688525138 0.996507918357 0.998449475819 0.995557803823 259.939535981 259.92059544 259.752707827
247 102.505061425 256.436274802 0.997394942516 0.99844479086 0.995545596283 259.954545029 259.920367396 259.75200985
248 149.642005583 322.453204238 0.996956004353 0.998413124328 0.995546903797 259.946960622 259.918725231 259.75208812
249 208.644407825 218.371404686 0.997372072015 0.998435821517 0.995561087493 259.954158253 259.919914439 259.752898134
250 80.6889412853 324.510219872 0.997280315377 0.998436986547 0.995563923063 259.952519036 259.919991279 259.753044417
251 69.5941008493 270.637594216 0.997389633033 0.998428126449 0.995565962527 259.954456083 259.919540458 259.753175277
252 166.068422423 294.47428647 0.997251893284 0.998440290801 0.995563185335 259.952124725 259.920130113 259.753013029
253 136.750623471 409.038076115 0.997389286242 0.998440360499 0.995545049644 259.954455344 259.920127838 259.751983326
254 84.0542966435 268.643767993 0.997290101124 0.998441613188 0.995554253431 259.952658346 259.920199446 259.752506084
255 193.128867613 376.214783105 0.997243328668 0.998441027731 0.995562434769 259.951865187 259.920165392 259.752959374
256 115.706853996 257.415717833 0.997352526883 0.998437900075 0.995557784797 259.953817546 259.92001043 259.752703039
257 192.810517845 256.942806339 0.997384552669 0.998432620251 0.995556004939 259.954378249 259.919742967 259.75260617
258 159.689481883 198.749178737 0.997337778635 0.998443082074 0.995559001904 259.953566494 259.920274771 259.752773197
259 71.9663667496 288.773763726 0.997233622505 0.99843850568 0.995558098431 259.951752627 259.920046762 259.752723249
260 192.155828099 281.670099298 0.997205790517 0.998437785506 0.995560947367 259.951177633 259.920000376 259.752874688
261 215.185442283 396.910928119 0.997398824466 0.998441026177 0.995568277067 259.954623519 259.920169035 259.75330304
262 198.231517241 287.491269337 0.992026376147 0.998346694603 0.995548271028 259.859926153 259.915305712 259.752173933
263 184.275245402 330.509415124 0.997197018825 0.998448065824 0.995499579113 259.951140633 259.920531741 259.749530628
264 118.91719856 268.137253721 0.997047440246 0.998440385276 0.995554939725 259.948552951 259.920138815 259.752541902
265 196.703558741 370.754238489 0.997135159509 0.99841465603 0.995556037535 259.950050785 259.918787453 259.752606592
266 218.119418741 308.877007293 0.99713841914 0.998442817618 0.995560534074 259.950170928 259.920258411 259.75287111
267 87.9682619111 240.385662232 0.99735600889 0.998439139162 0.995562270313 259.953873725 259.920079684 259.752957032
268 127.760672231 361.882511497 0.997085890615 0.998444342277 0.995554769883 259.949178244 259.920339874 259.752533446
269 154.687692526 332.976802686 0.997392674689 0.998428569294 0.995495472234 259.954522573 259.919546139 259.749277997
270 76.8881117369 231.60601961 0.997318515436 0.998428087693 0.995553813208 259.953213701 259.919495151 259.752475284
271 106.601082241 347.724633108 0.997369738661 0.99839924792 0.995556838297 259.954127707 259.918080483 259.752640674
272 164.359937544 257.225316556 0.997270732602 0.998442642427 0.995555169652 259.952392408 259.920249815 259.75255255
273 72.4545806692 321.918701043 0.997357039691 0.998419283899 0.995567571178 259.953891367 259.919091545 259.75325354
274 94.5760682249 291.438617856 0.997364014469 0.998441438228 0.995558874709 259.953982092 259.920191639 259.752767393
275 202.728042432 284.61319575 0.997386609267 0.998426277295 0.995555367625 259.954425343 259.919420073 259.752572405
276 176.079344298 245.904089097 0.997397757957 0.998421054943 0.995570681401 259.954608126 259.919189931 259.753431566
277 119.580700827 279.060053572 0.997163660244 0.998440985417 0.995546953987 259.950478713 259.920158821 259.75209723
278 139.132798802 248.119106076 0.997225381774 0.99844449898 0.995565938417 259.951629449 259.920337946 259.753163029
279 191.904090857 297.64437354 0.997152542645 0.998448030675 0.99556237603 259.950289446 259.920527952 259.752977958
280 77.465013434 298.12054651 0.997393256204 0.998440445735 0.995560195609 259.954530484 259.920131788 259.752861659
281 128.619044683 269.508544575 0.997375399363 0.998428671185 0.995457159835 259.954219846 259.919580849 259.747083378
282 64.5117628406 360.261526706 0.996929728232 0.998385564421 0.995541334343 259.94626989 259.917421361 259.751781521
283 75.6906431469 357.601589236 0.996967145173 0.998421161418 0.995571285963 259.947387292 259.91914712 259.753479511
284 115.184137983 313.464480452 0.997368312412 0.998418207577 0.995559719405 259.95408811 259.919037769 259.752818315
285 144.1335606 243.283401865 0.99732456467 0.998432786852 0.995566539223 259.953317165 259.9197467 259.753201645
286 164.195848132 301.914393745 0.997351355759 0.998427096705 0.995553760189 259.953764157 259.919475621 259.752471453
287 128.651296821 335.917963276 0.997364705422 0.998415918313 0.995565639646 259.954037576 259.918892348 259.753149335
288 143.052291152 212.911362377 0.997272581404 0.998444708965 0.995558896089 259.952404348 259.920356831 259.752770894
289 53.4937056108 309.415690205 0.997210465068 0.998422809859 0.995342695049 259.951318212 259.919248788 259.740896242
290 128.825388229 349.240843285 0.997372561788 0.998425722159 0.995556723319 259.954152846 259.919359716 259.752647259
291 84.2832242043 395.806945383 0.997354512389 0.998436576177 0.995558806142 259.953812568 259.919944161 259.752770661
292 146.148297768 267.882604938 0.996281564663 0.99843973169 0.995558574879 259.934607154 259.920108945 259.752753353
293 155.460136037 400.145216839 0.99724922384 0.998442734316 0.995564351379 259.951954426 259.920253139 259.75307965
294 184.025337255 292.294938787 0.997161942322 0.998431387656 0.995554652502 259.950563205 259.919677443 259.752555512
295 151.170707917 393.847822779 0.997268496821 0.998421024862 0.995531811346 259.952295559 259.919125281 259.751330565
296 290.97551047 337.443567715 0.997368364897 0.998415177634 0.995552334267 259.954082427 259.918874431 259.752391132
297 147.669829851 273.874268525 0.997399952902 0.998433062175 0.99554139981 259.954635964 259.919762429 259.751795794
298 158.771930613 342.958162361 0.997294748726 0.998430467019 0.995563226968 259.952762839 259.919628251 259.753012296
299 200.290212178 248.351797224 0.997312797446 0.998381993204 0.995516427751 259.953096573 259.917227123 259.750502773
300 176.451105539 298.520888232 0.997264125781 0.998368544962 0.995561095458 259.952208374 259.916618401 259.752889633
301 173.843505614 280.447060951 0.997286054019 0.998440967232 0.99555829399 259.952654149 259.920167336 259.752737857
302 137.171466858 280.887902924 0.997368228445 0.998446651437 0.995568872763 259.95407087 259.920451083 259.753342651
303 129.495054852 278.160038015 0.997337097796 0.998446159965 0.995561432195 259.953521348 259.920428308 259.752921153
304 149.611245331 298.54240491 0.997301689074 0.998442135903 0.995558792269 259.952931032 259.920225753 259.752751358
305 106.20188515 208.23298563 0.997275967509 0.998421780232 0.995556641292 259.952497641 259.91919826 259.752630086
306 174.796485457 270.812493749 0.997168739507 0.99843914588 0.995553675561 259.950658122 259.920077294 259.752456649
307 137.323486712 308.549652976 0.997212298013 0.998441124192 0.995554055915 259.951320881 259.920179953 259.752504815
308 162.478320541 278.026201625 0.997378323329 0.998443398765 0.995516929223 259.954248276 259.920285114 259.750371089
309 160.897881193 228.081650651 0.99727130572 0.998432985493 0.995549667287 259.952350714 259.91977104 259.752243313
310 55.1683171279 308.181967625 0.997375883704 0.998442198441 0.995561109972 259.954211858 259.920226885 259.752898817
311 143.275121597 420.259523562 0.997374663159 0.998441538093 0.995545059425 259.954184514 259.920192345 259.751987271
312 245.806569518 304.277573735 0.997345134635 0.99843794238 0.995556504764 259.953697285 259.920017436 259.752626812
313 110.456961163 335.095701171 0.997388929651 0.998445837675 0.995550413028 259.954439847 259.920414106 259.752298914
314 155.867416728 255.137128177 0.997231660257 0.998428750157 0.995527698311 259.951674387 259.919563027 259.750979888
315 180.899209554 273.574131851 0.997289766402 0.998449040482 0.995560500487 259.952684158 259.920572321 259.752868356
316 206.881714711 333.189897502 0.997390047863 0.998437669458 0.995572469763 259.954470636 259.919987097 259.753547659
317 210.302043842 309.617746116 0.997390546595 0.998442121835 0.995567355845 259.954477405 259.920219837 259.753245043
318 85.768030569 247.479044308 0.99727281019 0.998440530659 0.995565679382 259.952407786 259.920135176 259.75314669
319 166.05960806 211.494125381 0.997374261669 0.998442754593 0.995556389707 259.95416966 259.920273414 259.752615048
320 143.997623697 262.470233791 0.997354692297 0.998444861625 0.995563763135 259.95384198 259.920364694 259.753043579
321 67.8244693551 260.873490072 0.997361507875 0.998438328306 0.99554621067 259.95396785 259.92002816 259.752060763
322 96.1698781783 187.73473676 0.997247691403 0.99842039142 0.995558962054 259.951986062 259.919115857 259.752772883
323 146.664198293 304.508078957 0.997068939005 0.998428891645 0.995561972016 259.948961079 259.919579145 259.75293987
324 240.887301716 265.108932968 0.997305853461 0.998442782257 0.99555664097 259.953016441 259.920256427 259.752667408
325 127.096079837 242.809658288 0.997236966287 0.998448103039 0.995558160055 259.951875064 259.920522789 259.752728445
326 176.797726528 287.012632406 0.997309410246 0.998411319583 0.995549122994 259.952935921 259.918701436 259.75221235
327 53.4302398385 252.85657967 0.997132785829 0.998443599009 0.995551865228 259.949840975 259.920296869 259.752366052
328 133.849651686 333.004447196 0.997314404623 0.998434418485 0.995556828475 259.953156336 259.919850716 259.752645009
329 163.696261652 300.416742152 0.997403710558 0.998437812075 0.995555684935 259.954718082 259.92000058 259.752593493
330 160.344965884 290.128203924 0.997362065318 0.998439943659 0.995549795581 259.953984218 259.920111458 259.752255552
331 135.206073448 387.324373491 0.997382272798 0.99842255491 0.995490023122 259.954328268 259.91926234 259.74899618
332 120.30895103 345.642684486 0.997323045992 0.998436542841 0.995536796645 259.953289545 259.919940907 259.75153447
333 121.237475342 315.054198904 0.997386843403 0.998445346491 0.995548106045 259.954428658 259.920397104 259.752177763
334 126.812450792 250.035647284 0.995327021571 0.998433159743 0.99556698788 259.917311421 259.91975991 259.75322108
335 195.527396089 213.429071664 0.997368694988 0.998430435291 0.995555064095 259.954065623 259.919643186 259.752573058
336 136.712166043 241.535164526 0.996726472235 0.998445216442 0.995504179022 259.942484603 259.920379909 259.74972781
337 196.178827546 324.732253394 0.997352623418 0.998446503174 0.995556691692 259.953817271 259.920447553 259.752646069
338 84.1143454543 225.611867627 0.996754148872 0.998443533156 0.995578758979 259.9432304 259.920293751 259.753824016
339 94.8854928523 387.469792239 0.997143977626 0.998434456235 0.995560318423 259.950114159 259.91984268 259.752851019
340 221.496873308 311.535399681 0.99729231128 0.998442300594 0.995540194247 259.952730833 259.92024483 259.751748305
341 175.792274906 231.884080043 0.997075842558 0.998433891266 0.995553944449 259.948797169 259.919799273 259.752488345
342 144.976298478 285.71837805 0.997390857957 0.998435939869 0.995562202452 259.954474874 259.919909422 259.752941295
343 163.39452296 332.768708114 0.991585527514 0.998442623637 0.995655989344 259.849997295 259.920250298 259.758228849
344 107.310386559 197.404138268 0.997287551253 0.998440338099 0.995551392804 259.952673896 259.920144348 259.75234229
345 229.947416149 237.491692751 0.99739950601 0.998431832012 0.99553834621 259.95463684 259.919710595 259.751615502
346 215.412367215 267.1342205 0.997054050286 0.998335502538 0.995545326375 259.948485077 259.914599217 259.75198515
347 149.55458446 272.310462975 0.997399168467 0.998429436644 0.995556126294 259.954630954 259.91959305 259.752614505
348 132.253529189 313.925239083 0.997331441914 0.998437455305 0.995556725619 259.953435697 259.919989717 259.752637835
349 102.067976194 286.050022587 0.99702042792 0.998438859457 0.995557693233 259.947890128 259.920068433 259.752701683
350 183.905857753 269.224125768 0.997373259754 0.998436015304 0.995248234401 259.954170216 259.919922024 259.735263048
351 160.089802433 328.694956315 0.997066705723 0.998440920828 0.995552029727 259.948795609 259.920158299 259.752384838
352 132.189327313 245.48619438 0.996598814761 0.998442551366 0.995547656656 259.939583676 259.920244899 259.75216451
353 203.565389601 330.401567507 0.997355001622 0.998432110276 0.995495981638 259.953814123 259.919728582 259.74933859
354 111.271933667 189.208539984 0.997337600396 0.99843849596 0.995555478194 259.953534987 259.920039943 259.752565788
355 152.903576134 202.168844159 0.997323058025 0.998444264986 0.995560949706 259.953244266 259.920335657 259.752906477
356 100.432744799 410.41652001 0.99725497883 0.998431463198 0.995554040424 259.952170183 259.919702262 259.752499095
357 123.295325036 260.491224878 0.997256214391 0.998442004456 0.995546799637 259.952131255 259.92021204 259.752129312
358 166.597563192 303.038396643 0.997238149155 0.998438590618 0.995570692159 259.9518049 259.9200493 259.753433089
359 88.7108375074 303.872812256 0.997378498791 0.99844614387 0.995561800156 259.954271284 259.920433884 259.752940233
360 127.215933396 258.076184693 0.997356716748 0.998413898913 0.995555418761 259.953878578 259.918795127 259.75256806
361 101.187533526 357.652981211 0.997321959935 0.998423634471 0.995553834644 259.953256188 259.919328526 259.752478217
362 164.277736992 344.945796928 0.997297576605 0.998439541664 0.995568445572 259.952868452 259.920102574 259.753312415
363 119.409502388 330.841387754 0.997266574985 0.998430922018 0.995549401851 259.952340487 259.919637754 259.752229913
364 153.212126966 281.250409644 0.995672445153 0.998432756727 0.99555945773 259.923455104 259.919746986 259.752801554
365 123.681240578 353.257546913 0.997326979162 0.998439822677 0.995561546417 259.953380074 259.920100021 259.752915632
366 102.944016091 302.689412714 0.997361670198 0.99843494459 0.995555938735 259.953970089 259.919868083 259.75259959
367 127.364002506 373.84903635 0.997218242569 0.998445583434 0.995497949619 259.951474083 259.920404232 259.749278901
368 153.469085409 290.958248632 0.992057256284 0.998445739897 0.995553329223 259.85835757 259.920406215 259.752457594
369 71.5557797863 249.589464453 0.997284638911 0.99844462566 0.995565707349 259.952597051 259.920355489 259.753180486
370 185.825544296 265.290028577 0.99718075611 0.9984405313 0.995550636469 259.950791888 259.920135561 259.752299263
371 186.687154911 299.879752964 0.99733105654 0.998441910777 0.995564283483 259.95342121 259.920202811 259.753073247
372 63.8759853935 289.754243576 0.997350390437 0.998435471432 0.995547352416 259.95377533 259.919890112 259.752132494
373 127.623499305 384.768924629 0.997349275874 0.99842479471 0.995556565715 259.953774366 259.919361552 259.752631343
374 146.002361996 269.585348361 0.997338782921 0.99843574882 0.995557589733 259.953575133 259.919896825 259.752697543
375 93.0271664415 334.220585177 0.997057978869 0.998445563022 0.99555257139 259.948647194 259.920403194 259.752416387
376 191.426272348 254.424767728 0.997266611835 0.998439064339 0.995562396254 259.952299776 259.920072386 259.752967756
377 168.990562658 290.737030859 0.99736715481 0.998411378728 0.995341439208 259.954084675 259.918635294 259.740664832
378 187.844322558 285.787481062 0.996899508062 0.998428208964 0.99556359909 259.945705608 259.91952523 259.753030951
379 79.3491457285 192.223618393 0.997190132675 0.998417120142 0.99555459086 259.950867339 259.918987773 259.752530845
380 113.594610964 310.114797766 0.997311373563 0.998436433495 0.995541712071 259.953101583 259.919933885 259.751789049
381 198.186515629 212.223583377 0.997358186505 0.998445537162 0.995555023159 259.953893506 259.92039923 259.752552069
382 195.579623644 314.311213329 0.997367134591 0.998431968873 0.995560229356 259.954055585 259.919716082 259.752843112
383 187.92837577 335.744859595 0.997238742741 0.998433573877 0.995560050243 259.951815809 259.919799194 259.752830966
384 79.390966025 369.120340539 0.997006419051 0.998446799351 0.995552377482 259.94759975 259.920467216 259.752394952
385 136.770770149 215.968212156 0.9973132364 0.998307592288 0.995491923976 259.953086513 259.913393562 259.749028289
386 208.343877513 281.562668944 0.997266955604 0.998446215693 0.995561320281 259.952325767 259.920431846 259.752915834
387 81.177844984 259.001758233 0.997371698577 0.998424489006 0.995560419808 259.954139361 259.919345938 259.75286589
388 117.210387844 158.874616549 0.997365813977 0.998430029371 0.995556294323 259.954043423 259.919627167 259.752616777
389 137.514657556 390.369997837 0.997396904248 0.998418894537 0.995557540238 259.954586286 259.919035677 259.752696657
390 187.299041599 318.644452737 0.997366050638 0.998381802355 0.995549589805 259.954051089 259.917282626 259.752248745
391 164.23546386 273.129169631 0.997336214261 0.998426860006 0.995562025403 259.953487392 259.919464524 259.75294855
392 148.369189801 224.962304833 0.997310776561 0.998434663505 0.995576093106 259.953064218 259.919865745 259.753739257
393 148.462629149 299.194352265 0.996740015083 0.998442941569 0.995553881295 259.943346393 259.920268545 259.752474375
394 185.638268217 268.598996801 0.995755687322 0.998442440091 0.995565590781 259.924891284 259.920244457 259.753147377
395 90.4046095666 313.902400172 0.997281146757 0.99843561996 0.995404006533 259.952520728 259.919891089 259.74392785
396 188.075674511 292.077042849 0.997388376764 0.998442216867 0.995559371699 259.954445802 259.920239412 259.752791322
397 133.525672396 290.278017206 0.997025194832 0.9984134615 0.995550960783 259.948319049 259.918738174 259.752313718
398 105.963711995 330.996522483 0.997336319855 0.99844206922 0.995560747036 259.953495665 259.92022286 259.752871582
399 235.758730632 254.815287977 0.997377470609 0.998447110276 0.995537718761 259.954235077 259.920473175 259.751627152
400 142.273670495 312.828823723 0.997205538965 0.998443059598 0.995565348245 259.951125055 259.920276628 259.753140798
401 124.197966761 245.567368014 0.996989565998 0.998435708423 0.995548770417 259.947611298 259.919918102 259.752194804
402 170.931173259 233.01648079 0.997342876209 0.998432266268 0.99555957326 259.953667219 259.91972618 259.752804825
403 93.675916552 403.633926876 0.997370547623 0.998425099433 0.995556849444 259.954124577 259.919365025 259.752645355
404 139.394380637 290.313850828 0.99735581458 0.998444128594 0.99553062202 259.953864787 259.920322535 259.751197439
405 224.814911851 264.151805102 0.997318976782 0.998448279489 0.99557702975 259.95323842 259.920531722 259.753798638
406 121.980463302 302.226311029 0.997345127006 0.99842974791 0.995555575684 259.953668928 259.919602152 259.752575528
407 196.013488352 275.641028276 0.997379966638 0.998442944913 0.995559590883 259.954285907 259.920266528 259.752805889
408 180.745199011 234.134293942 0.997297751397 0.998428790031 0.99554838798 259.952781608 259.919556636 259.752183782
409 170.886487686 272.404355644 0.997347907684 0.998392441562 0.995577438198 259.953726096 259.917777003 259.753827883
410 148.381728369 314.114892434 0.99694588229 0.99844107174 0.995557031628 259.946549475 259.920167276 259.752672924
411 205.80694541 251.688469208 0.996267945129 0.998386212258 0.995556276068 259.934668235 259.917358039 259.752607263
412 200.514915747 289.383289242 0.997258506332 0.998431604201 0.995560407132 259.952081905 259.919686246 259.752852483
413 166.752102089 265.288175735 0.997314341798 0.998406765575 0.995562271978 259.95314926 259.918389266 259.752963055
414 241.003353177 342.860491235 0.99735956052 0.998427410315 0.995560554579 259.953926395 259.919460343 259.752860877
415 240.23370572 329.328233067 0.996390116295 0.998439247258 0.995550111031 259.936249931 259.920080202 259.752272533
416 163.425477624 320.919096209 0.997381460396 0.99838602425 0.995560149228 259.954322486 259.917482737 259.752839026
417 183.963537789 371.275052272 0.997348584189 0.998342284653 0.995550036046 259.953711137 259.915190421 259.752274555
418 114.235513222 270.682116225 0.997364237043 0.998421744155 0.995561610757 259.954029934 259.919201059 259.752913717
419 113.769673485 332.372263558 0.996719539974 0.998437601195 0.995442894591 259.942009587 259.919990697 259.746423367
420 65.8488476669 272.105629126 0.99709224215 0.99842137452 0.995560481715 259.949304575 259.919189412 259.752857238
421 127.600815314 256.718323777 0.997275993633 0.998435587052 0.995550614882 259.952449185 259.91988888 259.752296653
422 225.596654007 294.263645804 0.997246604084 0.998439823667 0.995549220843 259.9518626 259.920108389 259.752262315
423 164.995574366 384.913726416 0.997342736559 0.998441116515 0.995551491781 259.953667693 259.920170533 259.752356406
424 164.692935631 276.754896118 0.997357133623 0.998431495035 0.995554179327 259.95387366 259.919702787 259.752490186
425 86.6674771964 303.479968301 0.997351604143 0.99842521217 0.995563970232 259.953798233 259.919348484 259.753053687
426 154.890817826 209.438352987 0.997270818899 0.998441680514 0.995548193952 259.952338829 259.920211536 259.752151685
427 159.060887608 224.948887077 0.997064730616 0.998433137299 0.995567773222 259.948840312 259.919762236 259.753266903
428 139.347042886 309.373027719 0.997134065668 0.998444070032 0.995558000778 259.950114356 259.920322995 259.752723506
429 134.92051491 319.757716935 0.997379320376 0.998443410718 0.995552121033 259.954274548 259.920282305 259.752409565
430 220.347527156 389.900905648 0.997276583911 0.998449975508 0.995558406598 259.952467106 259.920622929 259.752734442
431 158.297494747 290.694337408 0.997308193223 0.998439391494 0.99556434172 259.953027481 259.920089721 259.75306814
432 165.752756303 305.489394161 0.997378794107 0.998433551284 0.995547607932 259.954274986 259.919787288 259.752126521
433 124.837193926 278.709257404 0.997329693626 0.998435190029 0.995553582166 259.953377424 259.919881219 259.752477963
434 164.562220795 268.259606013 0.997183156019 0.998446009258 0.995552078681 259.950843417 259.920424543 259.752384609
435 145.145863539 370.595760181 0.997337170384 0.99844443444 0.995550003102 259.953561459 259.920334441 259.752262471
436 117.816179258 203.164372729 0.997328851362 0.998395119258 0.995551291079 259.95337399 259.917859523 259.752341182
437 102.73237613 380.762756469 0.997402789034 0.99842676734 0.995564143412 259.954692758 259.91942629 259.75306705
438 231.18629444 324.249057356 0.997374746685 0.998443263522 0.995550834684 259.954203771 259.920282195 259.752313221
439 122.304640913 227.944360658 0.996927340871 0.998446651309 0.99555789491 259.946522592 259.920450907 259.752714836
440 113.828541488 250.923900374 0.990167855549 0.998444754304 0.99556821563 259.823454107 259.920365753 259.753291324
441 209.977989331 268.83669701 0.996849028053 0.998446334289 0.99557140152 259.944699474 259.920436435 259.753489146
442 191.538568454 302.383119635 0.997303697238 0.998433528931 0.995550774553 259.952979673 259.919797737 259.752305403
443 187.434692856 427.824342865 0.997214218855 0.998438979274 0.995563261425 259.951335145 259.920086969 259.753008901
444 188.050525027 188.304278025 0.997244809845 0.998432854101 0.995555100683 259.951920608 259.919772379 259.75254229
445 85.2407723896 312.031949759 0.997020027487 0.998443420761 0.995556671934 259.94798623 259.920290899 259.752637133
446 186.804468961 287.384814545 0.997345841854 0.998420612501 0.995555207468 259.95367262 259.919150874 259.752543481
447 131.654042886 363.906594003 0.997285399104 0.998426747886 0.995562655446 259.95262196 259.919461392 259.752983651
448 183.934338323 265.253464044 0.997348444106 0.998422202371 0.995528219376 259.953728384 259.919248873 259.751094749
449 53.2686018573 326.206723927 0.997388123765 0.998439548056 0.995564004737 259.954444325 259.920097564 259.753058251
450 218.290189571 270.029427427 0.997350708491 0.998435313936 0.995563783124 259.953760696 259.91989411 259.753049229
451 166.414392762 382.570063216 0.996613459116 0.998286397907 0.995555646057 259.940998147 259.912260182 259.752593913
452 28.1764326967 364.206101877 0.996779697327 0.998431930396 0.995528412367 259.943720892 259.919736275 259.751096536
453 112.436271572 376.341688694 0.9972165137 0.998437618606 0.995557629007 259.951469054 259.920002947 259.752693683
454 89.8581671773 340.11438935 0.997247461908 0.998423082355 0.995353543356 259.951949147 259.919233113 259.741594946
455 135.822457374 360.489918201 0.997371108788 0.998437722053 0.995559674701 259.954135627 259.920015981 259.752823999
456 150.922798192 267.594952464 0.997134864096 0.998428579024 0.995570856188 259.949865082 259.919530567 259.753440866
457 174.001971814 280.920120816 0.997225509784 0.998425571873 0.995504718547 259.951628205 259.919403838 259.749737056
458 161.201008309 280.0480893 0.997386589789 0.998442682011 0.995558660287 259.954406422 259.920255978 259.752752884
459 241.812649773 332.243138015 0.997339694793 0.998399073397 0.995567225103 259.953578254 259.918085453 259.75323708
460 77.23729652 316.357198341 0.99731866608 0.998436019913 0.995563198086 259.953209064 259.919908151 259.753012
461 90.203113282 273.771554277 0.997181611273 0.998443474586 0.995555759537 259.950657906 259.92029335 259.752590968
462 113.871577906 221.154910836 0.997365435051 0.998439575246 0.995245690378 259.954045056 259.920090899 259.735579531
463 208.884365442 321.472040911 0.997247123535 0.998448652135 0.995543898332 259.951978231 259.920558805 259.75191907
464 123.722037056 292.676695567 0.99735168376 0.998437609981 0.995564616296 259.953760718 259.919991224 259.753090931
465 162.10753639 272.143468935 0.997389006817 0.998428043623 0.995567065168 259.954443332 259.919524752 259.753232035
466 139.188849554 299.330335306 0.996475727408 0.99843793062 0.995563938754 259.938226171 259.920016709 259.753057298
467 180.010863 281.812046765 0.995502812697 0.998391046618 0.99554864179 259.921709176 259.917626757 259.752194518
468 256.849373538 323.201627654 0.997385177005 0.998447629764 0.99556525863 259.954381043 259.920505741 259.753134003
469 226.449894339 343.768060208 0.997379425987 0.998449664872 0.995547418243 259.954278058 259.920609169 259.752128217
470 199.580156708 336.819993397 0.997255835163 0.998430507726 0.995249080513 259.952015735 259.919642133 259.735440177
471 151.003237362 314.104792976 0.997360508233 0.998367354967 0.995556577346 259.953957013 259.916508327 259.752629894
472 135.508198879 371.619791127 0.997144251612 0.998364316362 0.995556937918 259.95018272 259.91625003 259.752655481
473 139.119042593 244.294866143 0.991026632457 0.998437999639 0.995553009377 259.836757297 259.920034984 259.752440809
474 72.0901565545 302.460287649 0.997177693847 0.99838041001 0.995553869724 259.950693766 259.916962038 259.752511531
475 125.258745909 405.890376173 0.997373796179 0.998423425001 0.99556035512 259.954182391 259.919328098 259.752850005
476 89.426864363 309.353953865 0.997222731099 0.99843451746 0.995569033119 259.951520113 259.919832358 259.753340251
477 161.036269155 323.482960448 0.997304799882 0.998439542759 0.99555639258 259.952954964 259.920089768 259.752623999
478 73.2281512918 236.640783385 0.997371874013 0.998417455616 0.99556415579 259.954149008 259.918978157 259.753069621
479 87.5633985856 305.147278681 0.99735457231 0.998426086132 0.995548683446 259.953845327 259.919413442 259.752203754
480 95.9982394826 395.423322768 0.997392534257 0.998428373469 0.995552194014 259.954517409 259.919544706 259.752377397
481 141.04818496 278.849192531 0.99738341085 0.998436562318 0.995554256851 259.954343836 259.919951348 259.752511843
482 105.674341568 275.234221582 0.997026714141 0.998426078806 0.99555026106 259.948213236 259.919408145 259.752277018
483 150.784234373 277.179099462 0.997072328354 0.998430659104 0.995550798027 259.948921387 259.91964371 259.752317958
484 179.870693936 181.136373599 0.997276077582 0.998433486471 0.995564398367 259.952533575 259.919783433 259.753071139
485 146.751274338 282.047884132 0.997411815995 0.9984232592 0.995552718276 259.954842668 259.919242011 259.752411687
486 149.630059436 269.63109465 0.995073924814 0.998440559301 0.995551548311 259.910702689 259.920143138 259.752336059
487 211.228598613 341.901630754 0.997101926605 0.998435122661 0.995549093236 259.949488644 259.919866881 259.752217033
488 149.046934654 273.207441744 0.99632974802 0.998385216203 0.995570892122 259.936161851 259.917463283 259.753441495
489 114.325900319 283.448517678 0.997279110353 0.998440317898 0.995556336476 259.952481324 259.920137398 259.752628706
490 194.519350651 361.111710459 0.997226206913 0.998429071659 0.99527603491 259.951557435 259.919551149 259.736716893
491 65.2487325624 289.734072807 0.997331789684 0.998416762557 0.99556468734 259.953443539 259.918914062 259.753099826
492 195.701687725 294.012847574 0.997406213646 0.998437503723 0.99555334625 259.954759612 259.919989225 259.752460963
493 157.613165513 319.342051448 0.991642258037 0.998231007833 0.995540974732 259.849535327 259.909190109 259.751774489
494 115.860230437 343.603781481 0.997314644318 0.998443566462 0.995551616592 259.953146568 259.920303873 259.752340394
495 159.913893206 345.261043133 0.997260096823 0.99844317844 0.995542748302 259.952234476 259.920275084 259.751869815
496 167.23140246 298.090122181 0.997381816352 0.998438010502 0.995559925432 259.954329312 259.920016155 259.752828143
497 101.405428496 301.89870862 0.997371463191 0.998435219125 0.995559708353 259.954149382 259.919886465 259.752815522
498 202.719810194 311.217295936 0.997214373855 0.998439478854 0.995559059932 259.951358216 259.920098589 259.752775513
499 122.625102236 314.985477125 0.997340308732 0.998442371001 0.995551268676 259.953579011 259.920240198 259.75235481
