0 219.376277726 348.401491469 0.992310490541 0.995871346177 0.989426533089 259.864944242 259.788580255 259.410489094
1 93.9132090001 265.276208676 0.993365166354 0.995961790623 0.989425456458 259.884008963 259.793182973 259.410422877
2 120.356669314 344.426158873 0.993147501524 0.995948188276 0.989345581491 259.880060992 259.792454729 259.406135658
3 214.891080029 268.908864126 0.993320488519 0.995946616406 0.989424670908 259.883217442 259.792418133 259.410396177
4 136.100119025 267.001070157 0.993116291693 0.995961217686 0.989413816906 259.879627376 259.793150379 259.409781359
5 158.70764552 343.742748971 0.992407268441 0.995952249042 0.989424563968 259.86736223 259.792718432 259.410379692
6 184.052486214 288.400033568 0.99307476502 0.995920099685 0.989431574323 259.878705352 259.791132664 259.410759534
7 187.272059873 224.565897542 0.993381690178 0.995956741087 0.989421244278 259.884333857 259.7929225 259.410193304
8 202.757022764 306.415265716 0.993342204222 0.995910752302 0.989444809032 259.88363053 259.790542312 259.411523238
9 168.214963374 199.516867162 0.993391229359 0.995906090331 0.989225633908 259.884434695 259.790348803 259.399759738
10 75.1354285897 394.476301946 0.992467067985 0.995938967065 0.989428449015 259.866908576 259.791944871 259.410587219
11 167.242468781 262.014246518 0.993432843242 0.995977772626 0.989424840147 259.885212816 259.793995344 259.410395811
12 168.41614024 282.61030579 0.993371360519 0.995965144924 0.989406983962 259.884113064 259.793375297 259.409381726
13 120.974524485 323.130284903 0.992657596059 0.995938217415 0.989419126318 259.871318088 259.792025884 259.410063267
14 174.430625557 342.653788303 0.993149324129 0.995949559372 0.989418706122 259.880132056 259.792584338 259.410016024
15 117.478093598 302.726522683 0.99335565332 0.995785927995 0.989434466338 259.883873026 259.783986408 259.410941666
16 173.070598464 438.070923987 0.993019474819 0.995961156957 0.989415021273 259.877890124 259.793164568 259.409855053
17 118.795381425 386.313155401 0.993442434771 0.995961216557 0.989408833963 259.885396279 259.793169829 259.409478089
18 185.868641571 296.488621196 0.993370987534 0.995977189308 0.989425045501 259.884137323 259.793954887 259.410401638
19 116.251192444 276.840359133 0.993180347397 0.995942773183 0.989314512305 259.880780426 259.792241071 259.404340026
20 134.203619205 300.976230356 0.993062607391 0.995836659737 0.989391100678 259.878592999 259.786948858 259.408423915
21 133.625388395 343.708166324 0.993404362486 0.99594180346 0.989428126913 259.884727771 259.792182811 259.410590506
22 135.374203594 296.532325846 0.99337822858 0.995963064304 0.989425567716 259.884247786 259.793231321 259.410422917
23 150.714538457 297.441758041 0.993024699123 0.995948065649 0.989417793713 259.87806538 259.792493232 259.409978358
24 121.375559324 351.325895917 0.993360063478 0.99597756192 0.989363777733 259.883924806 259.793988235 259.407058653
25 173.97092021 260.200032673 0.993144903999 0.995958238117 0.98941134133 259.880278277 259.793000468 259.409705554
26 150.705883362 359.597836805 0.992592579121 0.995954935636 0.989210035122 259.86901482 259.792838414 259.39800931
27 54.762591361 299.076874709 0.993207508541 0.99588854801 0.989431310124 259.881218751 259.789601934 259.41077135
28 181.398364041 326.806233877 0.993338528929 0.995967745655 0.989444382356 259.883540584 259.793478335 259.411491578
29 157.049791332 269.826509803 0.992880959831 0.995915081483 0.989333514279 259.875327832 259.790735099 259.405515074
30 114.207227067 375.11229891 0.992916119541 0.995954305727 0.989435808654 259.876027872 259.792786663 259.411004837
31 118.164234481 281.457881438 0.991928245968 0.995963440624 0.989401549712 259.858389974 259.793283905 259.409154162
32 107.715495715 306.093727818 0.992724082978 0.995957600627 0.989440148743 259.872315188 259.792970151 259.411249383
33 116.230731364 285.206579626 0.993303494114 0.995981377563 0.989254987589 259.882903691 259.794177282 259.400881958
34 123.169830324 303.044405184 0.993399051914 0.995869393619 0.989434848977 259.884619299 259.788463738 259.410960787
35 156.214009311 230.639946668 0.992986493689 0.995953695404 0.989408755038 259.877116031 259.79277356 259.40947785
36 236.313795581 272.928019492 0.993198852849 0.995970300008 0.989265931404 259.880980365 259.793626396 259.401274784
37 228.168500179 315.808285895 0.993412365031 0.995969292624 0.989418087353 259.884862751 259.793576832 259.410043474
38 113.982366062 301.708873379 0.993143892652 0.99597077827 0.989424375116 259.880024097 259.793638472 259.410352738
39 118.645185489 305.488242544 0.993448279876 0.995947574926 0.989436337301 259.885498767 259.792479438 259.411052747
40 231.640769474 279.316682344 0.992489162199 0.995968034965 0.989454246856 259.868534057 259.793500366 259.412031276
41 127.701742463 264.269873756 0.993217390143 0.995940188337 0.989456888066 259.881451728 259.792104698 259.412210505
42 100.317455565 297.098271866 0.993396878568 0.995949564722 0.989412725435 259.884559897 259.792563193 259.40970844
43 155.163202024 300.898856781 0.989788856006 0.995936456024 0.989374026914 259.817445863 259.791945994 259.407596213
44 196.176115409 296.198566409 0.993324150909 0.995935862827 0.989439175709 259.883312256 259.791905139 259.411208907
45 174.681075859 312.129380271 0.993338363079 0.995970689079 0.989415255945 259.883580188 259.793636946 259.409833079
46 203.025637804 307.729948643 0.993152775008 0.995910926031 0.989447112517 259.880303092 259.790660692 259.411655338
47 29.7384947472 325.385482315 0.993446134285 0.99595545547 0.989441530112 259.885443431 259.792878218 259.411333409
48 177.018295141 277.584247084 0.99263563368 0.995922274617 0.989413747785 259.87090902 259.791197455 259.409727053
49 126.751251603 303.812619674 0.99345645694 0.995919289997 0.989411506 259.885632261 259.791017702 259.409620233
50 152.607964024 315.383586703 0.992933268319 0.995939349121 0.989095019843 259.876403129 259.792066852 259.391898645
51 62.3743229849 239.862184106 0.993373478762 0.995942204164 0.989430697499 259.884195099 259.792226106 259.410708828
52 116.92405293 236.221402436 0.993341466931 0.995939508742 0.989399456943 259.88356345 259.792093534 259.408939178
53 203.926789552 324.62940791 0.992811747758 0.995983519418 0.989430592656 259.874273504 259.794278684 259.41069509
54 155.751424311 260.147771555 0.993466454464 0.99595535005 0.989154777928 259.885818581 259.79285691 259.395230932
55 87.4591455653 292.370316693 0.993107077369 0.995949862244 0.989412923829 259.879534454 259.792580051 259.409719962
56 177.173720414 290.441768822 0.993378484238 0.995927542213 0.98942509754 259.884259146 259.791440481 259.410441002
57 141.015085367 250.269197603 0.993318705199 0.995962111475 0.989428499004 259.883193775 259.793207551 259.410576791
58 102.524292039 294.155647877 0.983517804352 0.995965850057 0.98943863159 259.694949909 259.793379594 259.411171767
59 198.136140811 295.77205824 0.99333277029 0.995923500172 0.989421243842 259.88344015 259.791216384 259.410184367
60 117.039579969 313.519772128 0.993331778471 0.995965749776 0.989417397619 259.88337321 259.793381557 259.409972773
61 103.242386313 312.777968433 0.993406126252 0.995897242123 0.989405513109 259.884738574 259.789961371 259.409337218
62 66.8143490465 276.380669972 0.992917137528 0.995971215021 0.989441430995 259.876177278 259.793663652 259.41133427
63 134.765975555 329.834290038 0.993227472967 0.99593690341 0.989437033144 259.881687365 259.791926741 259.411085861
64 62.8336402731 292.211736421 0.993238785407 0.995895535521 0.989427467698 259.881860555 259.789728507 259.410554293
65 87.1602785119 266.671470643 0.993123407611 0.995956189912 0.989417254195 259.879462837 259.792901264 259.409957169
66 211.895355097 296.443829101 0.992906123509 0.995952520059 0.98942851506 259.876027642 259.792711403 259.410575774
67 120.212499953 318.521895921 0.993328971602 0.995907073496 0.989429205791 259.883388932 259.790485689 259.410643869
68 187.678298486 296.103060151 0.993462407436 0.996008294566 0.989427681404 259.885742007 259.795652974 259.410569777
69 141.395037124 218.305218328 0.99201233263 0.995908769408 0.989437805989 259.860228685 259.790559265 259.411130134
70 120.631428338 290.341337328 0.992649491932 0.995890112938 0.989430624316 259.871029097 259.789554461 259.410712764
71 113.040318804 317.967039895 0.993412376639 0.995952927871 0.989406966735 259.884855119 259.792746951 259.409394631
72 129.616888289 217.563650101 0.993263486458 0.995981974811 0.989417528203 259.882249162 259.794211085 259.409994079
73 215.736844183 314.397787406 0.993021697249 0.995959208824 0.989421426525 259.877797799 259.793052909 259.410188858
74 112.444402648 357.388773328 0.993263756486 0.995940724872 0.989415889855 259.882218096 259.792137806 259.409907985
75 161.387599743 328.367169645 0.993385874827 0.99596181727 0.989420198916 259.884408566 259.793189776 259.410119651
76 141.135377988 286.295219292 0.993247844517 0.995909661487 0.98944374569 259.881983657 259.79054284 259.411484187
77 239.976812591 230.032589191 0.993216903672 0.995922999532 0.98941329977 259.881451522 259.791312493 259.40974059
78 189.677119816 297.794768366 0.992278335412 0.99595465016 0.989507203643 259.864666561 259.79285354 259.415081005
79 121.050542527 302.340860896 0.993315245083 0.995945614152 0.989436476913 259.883227062 259.792377707 259.411057219
80 117.78932286 266.918741666 0.993410437834 0.995889774365 0.989433982772 259.884827035 259.789623196 259.410921504
81 276.763535044 223.613758347 0.992513042607 0.995882858405 0.989438997039 259.869037975 259.789071604 259.411189819
82 166.668452854 334.257947068 0.993394070525 0.995962574434 0.989438728713 259.884564074 259.793239605 259.411171943
83 162.886288131 444.172002972 0.992970070007 0.995942788073 0.989432692556 259.876830568 259.792220414 259.410837417
84 187.736200582 305.102907559 0.993308052547 0.995951345792 0.989433930457 259.883007958 259.792715187 259.41089993
85 113.978487437 195.275509259 0.99340991197 0.995940107445 0.989454498979 259.88481446 259.792107703 259.412067163
86 64.2759915029 342.37200902 0.991650465272 0.995952236682 0.989434818494 259.854418154 259.792742351 259.410958017
87 204.316130723 273.709290979 0.993361463342 0.995954108482 0.989419610875 259.883979166 259.792850195 259.410128034
88 175.759584144 268.829282598 0.992920805459 0.995904399625 0.989426748222 259.876512897 259.790291101 259.410488392
89 150.913869036 312.69268234 0.993340841375 0.995951660911 0.989382994411 259.883595111 259.792667973 259.408048476
90 98.7943629212 397.762698758 0.993364944454 0.995967393459 0.989430698854 259.884012804 259.793470526 259.410716435
91 191.138554429 389.878405191 0.993295500412 0.995968872915 0.989222318683 259.882711481 259.793558307 259.398701508
92 117.861183792 329.864067646 0.993216331931 0.995905593463 0.989423225717 259.881491469 259.790289848 259.410307095
93 182.808451461 250.315991897 0.993006023347 0.995962792312 0.98943036641 259.877651104 259.793232933 259.410691224
94 124.856362014 236.257578581 0.993364084868 0.995951564783 0.989441886499 259.884034068 259.792665708 259.411368893
95 180.841857378 195.695861069 0.993143463501 0.995965922063 0.989451320185 259.879976047 259.793383075 259.411897837
96 105.061073635 320.126167522 0.993416222792 0.995892591002 0.989435017981 259.88492116 259.789705223 259.410958809
97 225.476563899 377.704063884 0.990773747561 0.995912128298 0.989437429901 259.83692357 259.790731265 259.411098754
98 103.75680939 364.361654957 0.993080733076 0.995964451427 0.989429159017 259.87905264 259.79330412 259.410627962
99 197.111671061 388.060519775 0.993364734504 0.995955997367 0.989420931146 259.883978869 259.792914189 259.410162358
100 147.634282156 195.50821465 0.987957165382 0.995877403363 0.9894373301 259.780849168 259.788957686 259.411098196
101 163.031984241 282.105006431 0.991251055995 0.995895636526 0.98945344627 259.845687203 259.789810964 259.412001612
102 203.371773038 308.389708999 0.993230391704 0.995958414411 0.989445030705 259.881653085 259.793018138 259.411531752
103 153.375598384 194.862836839 0.993113883198 0.995938980117 0.989460113505 259.879538745 259.791995263 259.412416594
104 134.357815686 204.164076847 0.993315450785 0.99592768191 0.989431153964 259.883103844 259.791477695 259.410739604
105 222.337333644 359.978100912 0.991170152579 0.99593628836 0.989416217039 259.840772645 259.79185756 259.409883991
106 140.812962705 411.395254769 0.983723423308 0.995954983059 0.989434028078 259.702243162 259.792844643 259.410920534
107 85.5068000226 193.930065153 0.993173264855 0.995962083229 0.98944288097 259.880687958 259.793200535 259.411413582
108 183.870436097 272.889610723 0.993015600327 0.995908853889 0.989427778552 259.877618059 259.79055311 259.410560259
109 156.772320149 312.97670219 0.993261284239 0.995952019883 0.989410762875 259.882171893 259.792690562 259.409588012
110 149.623132223 266.494301984 0.993423871308 0.995972616511 0.989413029879 259.88505299 259.793726397 259.409713856
111 128.705810043 293.535512559 0.993387157727 0.995931624626 0.988973911119 259.884397187 259.791657915 259.384725475
112 81.4242169681 262.310824546 0.993225234141 0.995947490848 0.989460667681 259.881602814 259.792469267 259.4124347
113 131.344050825 286.469257489 0.992411790526 0.995930807026 0.989596612153 259.867548815 259.791584697 259.420197544
114 138.426492176 344.091251779 0.991275433096 0.995954355792 0.989437132674 259.846397554 259.792816906 259.411094155
115 143.822719252 264.797309458 0.993388791628 0.995947138652 0.989346030277 259.884412308 259.792484032 259.406023591
116 225.049234248 311.970775006 0.993323654393 0.995920185189 0.989402706936 259.88330071 259.791110717 259.409150064
117 85.7137170526 256.282423827 0.992880716921 0.995734196542 0.98941508863 259.875494137 259.781451671 259.409834765
118 159.132338379 327.812599217 0.993265741704 0.99593824075 0.989437660211 259.882222663 259.792009033 259.411115864
119 182.900645754 305.065433791 0.993404990727 0.995942048153 0.989428025515 259.884715719 259.792184234 259.410572797
120 126.286979812 247.156794026 0.990793788569 0.995936276385 0.989218044857 259.837500363 259.791906432 259.398847557
121 119.170586267 299.603002328 0.992739455094 0.995970722327 0.989420190356 259.872817933 259.793638847 259.410131509
122 191.281996861 362.455013628 0.99329738118 0.995945643258 0.989445171809 259.882910311 259.792348167 259.411566206
123 135.205632714 282.520311766 0.993419750922 0.995970250474 0.989433883915 259.884987553 259.793590177 259.410920591
124 137.214273976 326.520943618 0.993066985438 0.995961931699 0.989416781751 259.878696766 259.79318806 259.409944226
125 132.321141061 191.352373598 0.993235916863 0.995966662197 0.989413658094 259.881717852 259.79340924 259.409752732
126 111.384390062 329.174738415 0.99319102734 0.995838329927 0.989442853289 259.880892558 259.786809897 259.411423939
127 93.7335809707 281.199489185 0.993097260094 0.995958427193 0.989406551157 259.879435783 259.793033476 259.409351701
128 114.443449287 174.66141902 0.992947704855 0.995889954203 0.989412760247 259.876751034 259.789429873 259.409705826
129 167.285900496 311.717307678 0.992958865603 0.995953903247 0.989442180923 259.877231147 259.792783999 259.411373016
130 212.854525202 308.546517581 0.993378174607 0.995899565571 0.98923685162 259.884261521 259.790032779 259.399605914
131 210.409074833 254.516624462 0.990236018675 0.99590209826 0.989442581044 259.828367862 259.790286416 259.411396171
132 157.759907904 234.527433196 0.992897221197 0.995952554771 0.989327640218 259.875628557 259.792730131 259.404859054
133 112.899086188 302.334223852 0.993333100235 0.995897748985 0.989284318435 259.883488694 259.78993172 259.402520292
134 237.711998558 261.377799684 0.993414044689 0.995928251965 0.989429182613 259.884876927 259.791462882 259.41060515
135 248.632161936 322.468576074 0.992961250695 0.995972212898 0.989397759875 259.876742082 259.793702099 259.408893139
136 178.038215609 328.530216892 0.993254120343 0.995926594439 0.989422853424 259.881929152 259.79145639 259.410262164
137 259.463411044 359.17814223 0.993102978007 0.995968934936 0.989434408064 259.879287072 259.793543947 259.410936938
138 107.920952521 313.627227219 0.993472230182 0.995957938041 0.989435201351 259.885895389 259.792971427 259.410985236
139 155.723728332 207.061954482 0.993099053682 0.995930431891 0.989430795939 259.879218868 259.791554547 259.410739471
140 161.140870243 306.965995272 0.993367779333 0.995969970142 0.989611352636 259.884077881 259.793603016 259.420913436
141 200.101393602 294.189651463 0.993332057654 0.995958321233 0.98943575828 259.883420984 259.79302847 259.410990967
142 223.070482439 222.294263865 0.989770594445 0.995961291357 0.989359095062 259.819835223 259.793153919 259.406689824
143 173.742664245 282.070387423 0.993404220712 0.99580062759 0.989424784932 259.884696051 259.785306768 259.410390572
144 165.07914023 400.355179545 0.992948092681 0.995950338207 0.989435463399 259.876563304 259.792603835 259.410997888
145 196.281071456 340.204955209 0.993357595539 0.995953160214 0.989442513569 259.883853072 259.792748231 259.411384842
146 111.315778483 241.93861453 0.993351383555 0.995819045723 0.989281251272 259.883763742 259.786108874 259.402308237
147 200.540548282 249.067658604 0.991069529033 0.995926007569 0.989436513609 259.84246758 259.791386103 259.411071616
148 94.6997346775 262.891633057 0.993131579648 0.995946221526 0.989432295511 259.879830244 259.792397472 259.4108207
149 177.123364826 292.917277945 0.993389857106 0.996050609767 0.989392939731 259.884381593 259.797799629 259.408714818
150 111.956873446 243.944610167 0.993217313449 0.995916977286 0.989415805985 259.881520497 259.790875911 259.409927908
151 104.706354929 283.0374545 0.993318524128 0.995948233176 0.989423514644 259.883184204 259.792509983 259.410319662
152 166.169537605 310.761064714 0.993412885317 0.995745667541 0.989409047354 259.884897431 259.781850471 259.409509571
153 108.677920671 318.748893983 0.986649707228 0.995959444102 0.989421047861 259.76264347 259.79306349 259.410177263
154 113.540199991 285.717600913 0.992463024556 0.995947808464 0.989442259041 259.86840274 259.792542303 259.411397531
155 112.797567098 233.397535632 0.992990758939 0.99585085056 0.989450470201 259.877517615 259.78748086 259.411829722
156 107.847002714 199.110931587 0.993371567726 0.995976088149 0.989428252842 259.884131897 259.793910867 259.410584439
157 112.714138127 273.711456997 0.993352732051 0.995902882721 0.989443146772 259.883805507 259.790277782 259.411441427
158 139.548760288 284.902760318 0.993341248154 0.99595337208 0.989433412249 259.883610277 259.792770805 259.410871245
159 114.802004339 347.361802005 0.993390406249 0.995938287029 0.989410239651 259.884462562 259.792007456 259.409558361
160 123.223402792 318.512034189 0.993290596537 0.9959544522 0.98940830541 259.88263796 259.792819033 259.409495114
161 147.106383332 298.366109496 0.993419672071 0.995971629457 0.989349103422 259.884987378 259.793689588 259.406198346
162 130.506765829 321.455264934 0.992334608601 0.99593304403 0.989381029894 259.865535194 259.791703959 259.40783783
163 85.9237002836 254.343673028 0.993298041613 0.995877699885 0.989416971698 259.882903881 259.788974873 259.409958503
164 122.801116837 305.864871344 0.993387382799 0.995970956069 0.989411893821 259.884411226 259.793638841 259.409671057
165 176.838635994 278.659809165 0.993418697746 0.995970390878 0.989457375179 259.884977092 259.793611609 259.412249533
166 110.869639993 286.957493242 0.993373734408 0.995943523987 0.989469236952 259.884191334 259.792297685 259.412917461
167 200.11725999 393.666653816 0.993382234342 0.99595560148 0.989437277903 259.884339967 259.792863056 259.41108131
168 101.156287047 274.650280962 0.993342813082 0.995939494915 0.989416282043 259.883598675 259.792108338 259.409912422
169 124.900381535 362.698073445 0.992714627262 0.99596598165 0.989410953664 259.872799682 259.793409569 259.409619929
170 175.27898936 301.080507804 0.993393544733 0.995968851585 0.98937521311 259.884564981 259.793532403 259.407731254
171 177.743831509 312.638960343 0.992387921802 0.995961518303 0.989420049071 259.866905819 259.79317323 259.410106915
172 215.368500751 374.634795124 0.99325881826 0.995930078916 0.989426041245 259.882138274 259.791630518 259.410481229
173 173.251179922 232.419661723 0.992583857604 0.995874174042 0.989415922294 259.869806617 259.788622707 259.409903145
174 179.849147207 264.873627679 0.993065208718 0.995962838569 0.989433786237 259.878598836 259.793231822 259.410935032
175 87.6190485382 282.394054809 0.993233337792 0.995958595911 0.989497693723 259.881724235 259.792998148 259.414396914
176 254.594992274 263.066557016 0.993145534007 0.995963815149 0.989421456588 259.880330007 259.793282063 259.410187368
177 126.172692284 272.846742698 0.993295942737 0.995916369912 0.98943910968 259.882826267 259.791019839 259.411224271
178 174.658960787 330.503013598 0.9934490004 0.995952264368 0.989406987977 259.885509622 259.792690129 259.409385345
179 160.861653936 382.015337529 0.993397551167 0.995964662791 0.989441077634 259.884611843 259.793342119 259.411333317
180 145.220259208 293.468575857 0.993308723508 0.995887042648 0.989433311883 259.882904842 259.7893698 259.410921425
181 133.575396698 285.174804177 0.993373372219 0.995958874032 0.989409324883 259.884130752 259.793036978 259.409508225
182 199.0503097 346.741065559 0.993295309147 0.995953689836 0.98942141122 259.882736274 259.792753131 259.41018206
183 245.198528198 412.023478482 0.993427962866 0.995968239338 0.989413126352 259.885138997 259.79350732 259.4097003
184 74.6017409805 286.35556612 0.993427143054 0.995905125149 0.989422226176 259.88511488 259.790361751 259.410234508
185 95.9152218127 273.480735236 0.992276833799 0.995927096769 0.989323562948 259.864743953 259.791410712 259.404594861
186 158.247544786 342.214102662 0.993245484091 0.995971967857 0.989438116177 259.881910492 259.793715006 259.411151181
187 191.478240562 206.00517832 0.993402748795 0.995801839769 0.989422925386 259.884709908 259.785206952 259.410280908
188 124.362858091 250.207907045 0.992387751643 0.995942467847 0.989427415169 259.866799108 259.792194007 259.410553322
189 119.128113656 423.673254177 0.993353853353 0.99593931611 0.989434694759 259.883854533 259.792055232 259.410948649
190 155.754031543 291.638287968 0.993328393708 0.995872486151 0.989410266291 259.883390734 259.788504106 259.409577682
191 66.0875468121 296.444874811 0.993038068462 0.995943851654 0.989424405513 259.878344046 259.792273392 259.41035352
192 204.284339396 331.617765015 0.993466139499 0.995916801518 0.989474016866 259.885819624 259.790932119 259.413200428
193 165.017429079 247.847838259 0.970929229817 0.995943866666 0.989410855047 259.434153115 259.792295475 259.409592377
194 195.954496628 254.635693514 0.992809665106 0.99589586834 0.989405670895 259.874182946 259.78972178 259.409314128
195 127.829408356 297.561073497 0.993309481139 0.995913926992 0.98941234862 259.883029677 259.790825671 259.409638213
196 128.927160236 313.636234204 0.993371322722 0.995990677231 0.989330271158 259.884097845 259.794650686 259.405044248
197 189.17966023 332.410427229 0.993262432018 0.995958057355 0.989443472171 259.882203131 259.792987428 259.411471304
198 76.6730249431 300.261032849 0.992996793751 0.995955961589 0.989434302297 259.877546121 259.792908965 259.410934199
199 240.193659718 335.10013143 0.993326601046 0.995950722346 0.989445424168 259.883432721 259.792658271 259.411547006
200 85.4991086957 309.19128683 0.993221554299 0.995966394296 0.989442932639 259.881551413 259.793431312 259.411421192
201 194.236843637 267.13003439 0.993271842617 0.995918037519 0.989420199585 259.882415117 259.791036773 259.410128214
202 84.9721014592 366.159140003 0.992901761844 0.995933300393 0.989436323377 259.875671807 259.79177197 259.411051787
203 157.45434592 281.947937922 0.99332139166 0.995942975123 0.989456479516 259.883247065 259.792234754 259.412204484
204 162.381102571 365.351464036 0.993292401943 0.995971280709 0.989415609773 259.882648515 259.793665817 259.409882274
205 169.524117563 315.477307852 0.9933646787 0.995958888709 0.989419759494 259.88396066 259.793041323 259.410124017
206 126.387788154 286.613869042 0.993195205184 0.995912679347 0.989444146987 259.881100745 259.79072284 259.411473068
207 217.703533821 300.908700008 0.992994493148 0.995935306889 0.989434406221 259.877410533 259.791881593 259.410942004
208 175.991255362 281.334583484 0.99337185085 0.995962807783 0.989410754231 259.88412601 259.79324942 259.409604182
209 83.4791631315 202.4153772 0.99268774421 0.995962110703 0.98933276171 259.871837099 259.793220691 259.40506137
210 141.522606831 264.882631583 0.992158151913 0.995924152577 0.989426784061 259.862649735 259.791295361 259.410519399
211 112.179104478 223.643260469 0.993349290928 0.995961955716 0.989443500274 259.883710684 259.793199019 259.411448967
212 114.114643515 263.867858628 0.993400171815 0.995949318626 0.989422792785 259.884633406 259.792547443 259.410274213
213 110.816058935 373.965937232 0.992918355798 0.995899632623 0.989410119479 259.876112115 259.789968135 259.409579854
214 181.979915314 317.572963713 0.993366242935 0.99593245789 0.989424713759 259.884024455 259.79168975 259.410412109
215 114.280598958 309.444208377 0.993443454223 0.995900608688 0.989410936096 259.885403952 259.790119961 259.409572896
216 168.937044372 246.619130052 0.992731150713 0.995971463014 0.989374741389 259.872502798 259.79367491 259.407473304
217 113.25918765 291.210101092 0.993151377648 0.995917676335 0.989420475965 259.880204221 259.790997367 259.410207673
218 152.595057098 256.259761066 0.992825885159 0.995949822478 0.989402370494 259.874709394 259.792623681 259.40915435
219 128.813618833 281.786627183 0.97812386441 0.995965363584 0.989446730405 259.579915768 259.793367861 259.411636042
220 199.585594909 322.180993554 0.992898662411 0.995953747252 0.989414383318 259.875767987 259.792740318 259.40977973
221 161.888059966 253.570487668 0.993278979063 0.995963818462 0.989439738557 259.882499265 259.793297749 259.411233599
222 151.426696422 234.583564403 0.992880806629 0.995956181733 0.989417176025 259.875517104 259.79289814 259.409949288
223 184.786106222 357.709479975 0.993437537979 0.995950911155 0.9894513962 259.885306357 259.792665983 259.411902251
224 186.706793554 253.269351799 0.992976948854 0.995968142803 0.989400565835 259.877217735 259.793518226 259.40899597
225 158.249507421 301.487537718 0.993148003563 0.995955553725 0.989416677252 259.880122074 259.792880022 259.409907721
226 72.0657828681 341.243208616 0.993414544065 0.995969936034 0.989438251314 259.884917291 259.793574193 259.411140025
227 146.952300862 327.961477294 0.99327196729 0.995961613951 0.989415718816 259.882399125 259.793180695 259.409859778
228 87.9548782418 274.035949526 0.993138151995 0.995931195982 0.989401987041 259.879971861 259.791655286 259.409158523
229 137.443727052 324.105690792 0.992834263333 0.99596513649 0.989431873415 259.874731255 259.793337712 259.410776036
230 84.9442577395 303.415894694 0.993075740781 0.995860556993 0.989414269949 259.879024137 259.788103809 259.409788016
231 112.065335118 277.399161329 0.993357972938 0.995941095638 0.989402425516 259.883907713 259.79213706 259.409109819
232 190.293118746 229.256016237 0.988721522052 0.995952779529 0.989421560461 259.799182683 259.792725418 259.410242486
233 115.747045559 367.734153089 0.993436267588 0.995938145704 0.989442181125 259.885284684 259.791985747 259.411389069
234 145.194425618 307.65229098 0.992990799702 0.995937845739 0.989445981231 259.87726698 259.791958263 259.411573464
235 190.766831727 304.234855784 0.993396849812 0.995968745645 0.989429594935 259.884643445 259.793533104 259.410669287
236 104.198138834 339.258316248 0.99321220969 0.995946540583 0.989420138684 259.881290288 259.792390137 259.410125244
237 163.980165474 259.682075442 0.993199337943 0.995943248364 0.989426181609 259.881170009 259.792267688 259.410477639
238 186.081431106 227.044826696 0.99348109866 0.995965041927 0.989426842077 259.886064977 259.793343595 259.410519582
239 117.614304927 283.327476882 0.993419872263 0.995936937028 0.989449075096 259.884986498 259.791988983 259.411749929
240 143.445751415 308.754830793 0.993308424521 0.995958172591 0.989450007946 259.882979631 259.792996622 259.411819271
241 186.647116184 299.667608841 0.99297834309 0.995923780699 0.989444900878 259.877144957 259.791229961 259.411522652
242 225.256990245 294.553240956 0.993431004992 0.995884896873 0.989395718756 259.885163267 259.789269898 259.408771341
243 173.414071599 338.736383295 0.993303527837 0.995956512763 0.989435438095 259.882953432 259.792921363 259.411041598
244 108.331266473 227.269548186 0.993402030106 0.995952546217 0.989430201394 259.884649833 259.792735772 259.410695657
245 134.382788609 248.342966701 0.993440490799 0.995955655833 0.989442667868 259.885350927 259.792880706 259.41142854
246 199.48345805 353.263018995 0.993298036311 0.995959408883 0.989446286176 259.882793834 259.793084156 259.411603607
247 153.835585904 298.149535799 0.992234838085 0.995959256208 0.989378106094 259.864693138 259.793074409 259.407844429
248 57.6749000501 248.816471139 0.989973839316 0.995967048991 0.98942542979 259.82534294 259.793451321 259.410433797
249 142.985921863 340.666711434 0.992745883342 0.995859316856 0.989427757435 259.87287442 259.787889698 259.410567694
250 95.5939189545 312.354385606 0.993440456379 0.995936780076 0.989398448773 259.885364952 259.79191987 259.40902061
251 124.052425346 260.839270884 0.99326720843 0.995962797408 0.989450456999 259.882341946 259.793237762 259.411856818
252 186.673260167 364.353111987 0.993413971582 0.99594846964 0.989407875627 259.884871689 259.792524435 259.409417175
253 172.983932009 319.786401611 0.993093073472 0.995937666136 0.9894294254 259.879163443 259.791974749 259.410657211
254 135.437480909 307.081694346 0.993289545476 0.995970273523 0.989435343732 259.882644417 259.793619786 259.410971529
255 76.5622214952 211.725971376 0.992742742886 0.995964618033 0.989393806454 259.872980036 259.793338835 259.408607484
256 114.157707158 336.959289187 0.990715893369 0.995956899533 0.989409419364 259.837513741 259.792948443 259.409586836
257 101.362344774 366.770006162 0.993361913504 0.99593040325 0.989434916273 259.883984287 259.791624023 259.41098158
258 201.972476236 308.041571503 0.993336583378 0.995954698587 0.989425462345 259.883532493 259.792831212 259.410406841
259 228.797466301 350.095213063 0.991628777563 0.995941643415 0.98944485742 259.853782216 259.792172172 259.411526268
260 66.5995068423 319.558557002 0.992995345369 0.995933041885 0.989424364866 259.87730137 259.791753826 259.410357786
261 268.237324873 345.981063335 0.993372992157 0.995901304736 0.989439686203 259.884167553 259.79017316 259.41124574
262 250.411563888 260.923405119 0.993402001741 0.995962695674 0.989423821799 259.884676325 259.793249798 259.410336636
263 167.259893926 255.619529299 0.993461823969 0.995900763174 0.989437069482 259.885736153 259.790154308 259.411117416
264 159.719198399 280.584231735 0.991536896813 0.995963270741 0.989404184207 259.850770055 259.793247594 259.409206727
265 135.225090165 226.966208638 0.993452363033 0.995959934353 0.989429593755 259.885569744 259.793101502 259.410653859
266 182.79200681 297.647833376 0.993275879803 0.995949353583 0.989404758757 259.882379513 259.792536817 259.409215647
267 119.652659864 327.369201152 0.99299791443 0.995940779962 0.989433850636 259.877498606 259.792106858 259.410908585
268 260.606794115 280.638808939 0.993342924626 0.995946737264 0.989417503716 259.883677486 259.792435122 259.40997721
269 68.2611661401 413.576942124 0.993137664169 0.995963367232 0.989439662124 259.879852631 259.793251431 259.411255319
270 201.27152811 247.465679551 0.993200804016 0.995959342329 0.989426177177 259.881109747 259.793040346 259.410471259
271 193.963515841 333.312279365 0.993077901191 0.99595219997 0.989423011864 259.879000498 259.792724634 259.410298242
272 232.744932345 241.376163707 0.993074658774 0.995985467498 0.989431672087 259.878848346 259.79434417 259.410772162
273 193.533296423 318.613556805 0.993126270271 0.995880484967 0.989456496387 259.879802796 259.789061715 259.41221757
274 102.977918424 255.696655666 0.993217580735 0.995963912335 0.98943390851 259.881511252 259.793306253 259.410917358
275 120.408446148 336.53488864 0.993190027112 0.995966093559 0.989426994739 259.880912584 259.79343083 259.410502381
276 102.791842289 345.446006879 0.993185277833 0.995968222799 0.989425872782 259.880939263 259.793534531 259.410448641
277 58.3261327578 222.478708382 0.992896354749 0.99595182547 0.989443785727 259.875719671 259.792705079 259.4114415
278 174.230031158 340.799865469 0.993253360059 0.995939886348 0.989405522982 259.882108144 259.792095381 259.409289087
279 79.078775095 258.505807938 0.993181552308 0.995904371474 0.989416001622 259.880798867 259.790316086 259.409874772
280 296.277646979 252.987452498 0.993198029269 0.995891713729 0.989443918664 259.881079135 259.789513014 259.411477176
281 134.546118187 246.199213268 0.993416240607 0.995966851442 0.989444411713 259.884916267 259.793452812 259.411496467
282 153.019596512 321.921912455 0.993304943529 0.995903166874 0.989435701351 259.883020248 259.790348306 259.41100702
283 105.828318298 270.953349752 0.993319131604 0.995925128271 0.989432264149 259.883217207 259.791366548 259.410807459
284 92.2413640932 298.861710914 0.993197895637 0.995955447202 0.989429309228 259.881040913 259.792869455 259.410650309
285 213.812827528 225.472953355 0.993362222854 0.995956894969 0.989397892704 259.883993389 259.792942313 259.408864553
286 225.572934139 308.155868845 0.99346266006 0.995975430976 0.989454524363 259.88575355 259.793870611 259.41208697
287 116.496787229 197.399160817 0.993073396833 0.995937030107 0.989431116843 259.878712885 259.791941652 259.410749554
288 58.9691985559 309.670497679 0.992993633493 0.995947454319 0.989443050174 259.877645699 259.792482947 259.41144438
289 30.4379904309 161.102026803 0.992788440371 0.995963320839 0.989233915742 259.873761629 259.793274493 259.399508226
290 102.29894072 283.750215142 0.99345974333 0.995936643653 0.989437967558 259.885689289 259.791844995 259.411134305
291 130.680607327 228.625229601 0.99344511089 0.995963160386 0.989443384621 259.885441229 259.793252275 259.411460825
292 146.42769356 342.423259131 0.993354169658 0.995967017854 0.989417174325 259.883805585 259.793456455 259.409949563
293 75.3611399505 304.388299114 0.993417045466 0.995969300213 0.989381506788 259.884943106 259.793557465 259.407889661
294 181.210675766 242.326715015 0.993457173337 0.995964101067 0.989439484216 259.885654611 259.793311787 259.41124022
295 214.58784907 286.331914746 0.993202059736 0.995922142755 0.989419469248 259.88118007 259.791216636 259.410072068
296 160.416720064 267.636365324 0.993024030116 0.995906158292 0.989443339017 259.878068739 259.790418086 259.411441727
297 164.36837462 379.702871417 0.991940073401 0.995960934575 0.989441800945 259.858582868 259.793142738 259.411351023
298 181.853600906 272.459213933 0.993141325772 0.995961143563 0.989430311538 259.88004522 259.79316138 259.410714975
299 125.233696355 276.853958826 0.993340089541 0.995928674523 0.989430345692 259.883590808 259.79154093 259.410703325
300 160.318127877 235.857591181 0.990511750784 0.995933619305 0.989415115619 259.833012858 259.791742183 259.409832173
301 138.12939672 298.36561311 0.993225464521 0.995970665025 0.989405442187 259.881550348 259.793609469 259.409253441
302 94.5313541571 264.691516659 0.99336497125 0.995804768364 0.989429092 259.883983078 259.785172924 259.410646538
303 132.770166327 262.514124614 0.993404379621 0.995899345193 0.989452556267 259.884706843 259.790073636 259.411955852
304 145.748379823 318.664676102 0.993428357547 0.99595415072 0.989435941054 259.885155794 259.792811218 259.411044718
305 130.750084149 414.99185275 0.993064206472 0.995942467733 0.98940474869 259.878819318 259.792228523 259.409262147
306 134.407019764 186.66894568 0.993175654867 0.995950860337 0.989406097819 259.880677962 259.792589396 259.409349178
307 80.2981873679 272.714876408 0.993374826457 0.995936505814 0.989424081008 259.884145314 259.791991919 259.410349549
308 224.733035726 259.384751955 0.99341007881 0.995947250029 0.989421096471 259.88479278 259.792474559 259.410171768
309 103.184493554 304.925904734 0.991942678471 0.995938549759 0.989393146068 259.858107182 259.792013689 259.408694803
310 136.658397584 335.563605449 0.992786233025 0.995916985752 0.989194495356 259.874286624 259.790977482 259.397075259
311 134.278201401 279.761860778 0.992740762134 0.995962803364 0.989456147733 259.872927593 259.79323635 259.412187077
312 143.520396772 257.638240591 0.9934676368 0.995948898403 0.989407862527 259.885835098 259.79252004 259.409432342
313 104.021094853 263.147067075 0.993253977273 0.995942967441 0.989430603263 259.882063899 259.792258416 259.410711502
314 147.92427657 344.291476498 0.993313191218 0.995962958343 0.989439410762 259.88314088 259.793232369 259.411205131
315 136.661671995 221.362633047 0.992917536918 0.995966760587 0.989396210339 259.876147867 259.793431332 259.408819553
316 239.947794763 289.744619131 0.993272602539 0.995950525907 0.989329170579 259.882401699 259.792631171 259.405230216
317 191.766048273 300.897413773 0.99345426152 0.995956480542 0.989605813976 259.885611424 259.792931533 259.420662457
318 191.431637443 227.771601746 0.992785774073 0.995922524561 0.989416310949 259.87356398 259.791204076 259.409916498
319 250.154760652 224.584800445 0.991982478731 0.995964830477 0.989305323342 259.859521051 259.793331665 259.403777208
320 176.390852101 292.759533493 0.993365662127 0.995969713841 0.989418807057 259.884009514 259.79360511 259.410044092
321 207.141808174 374.83765991 0.992393271026 0.995954554434 0.989430392476 259.865179284 259.792831828 259.410689112
322 107.676013509 256.730963197 0.993003942009 0.995963386977 0.989397112081 259.877539045 259.793243933 259.408859627
323 195.232484793 306.372422828 0.992925690801 0.995957430172 0.989415958663 259.876068071 259.792965477 259.409870323
324 222.131930726 278.822425035 0.993285397886 0.995949074759 0.989262845296 259.882637478 259.792541095 259.401242344
325 151.426058141 326.181096445 0.991945737563 0.995851036125 0.989443157858 259.858985922 259.787312175 259.411426579
326 141.319244019 280.319461277 0.99297619135 0.995928034083 0.989433293641 259.87705509 259.791505521 259.410891933
327 187.168786866 302.603739199 0.993368576571 0.995928654241 0.989433219836 259.884041113 259.791551151 259.41085857
328 80.0302101249 294.952736185 0.993306362187 0.995899982303 0.989420958133 259.882901054 259.790061499 259.41012858
329 89.4386948251 323.393335317 0.993336960619 0.995956844485 0.989431629463 259.883527711 259.792953335 259.410761881
330 197.012626664 304.176263006 0.993369898085 0.995931221141 0.989412040975 259.884072666 259.791645781 259.409681528
331 119.65839023 319.875306841 0.991543174374 0.995924116355 0.98944333158 259.852802516 259.791319979 259.411447626
332 172.299144319 292.956934723 0.993374279833 0.995889167415 0.989436049018 259.884185648 259.789452402 259.411004743
333 181.374532332 289.877611215 0.993440498089 0.995925863564 0.989454024176 259.885346042 259.791363848 259.412044791
334 25.3971734585 296.038985303 0.993227833894 0.995937674276 0.989436954214 259.881374894 259.791967972 259.411071066
335 217.992040379 349.472852576 0.993407586722 0.995942039151 0.989359837992 259.884769682 259.792182347 259.406730459
336 35.6887892873 273.442792241 0.993393268651 0.995971714103 0.989436805977 259.884507654 259.793681428 259.411087605
337 167.713790132 302.53522338 0.99278820515 0.995946914301 0.989441132995 259.873754215 259.792439929 259.411319489
338 221.882201651 398.548424953 0.99318801972 0.995919317536 0.989442083671 259.880906589 259.791147287 259.411355988
339 225.508985462 178.538024846 0.993026813864 0.995927440792 0.98942349486 259.878035776 259.791442038 259.410309302
340 186.055430626 271.203810562 0.993407557434 0.995966421149 0.989358095764 259.884764533 259.79341128 259.406733742
341 84.2468983339 290.051942609 0.992355538897 0.995951515401 0.989463400466 259.86582845 259.792655934 259.412572964
342 236.120973848 352.026743285 0.99244009316 0.995909909866 0.989430344328 259.867678653 259.790457076 259.410699018
343 84.9092250097 256.49620794 0.993218373384 0.995960454654 0.989446832361 259.88134614 259.793150195 259.411641738
344 177.044812702 246.897128266 0.99241495287 0.99593953558 0.989425761201 259.86675871 259.792034499 259.410458626
345 193.72376372 373.464481803 0.99337005629 0.995893182415 0.989427153015 259.88414078 259.789738817 259.410523124
346 156.351181359 276.094416154 0.993352035812 0.995963114712 0.989419868076 259.883797794 259.793280305 259.410111338
347 151.51496351 276.367091819 0.993261706724 0.995928251437 0.989398849794 259.882191244 259.791473627 259.408929885
348 175.14528962 253.389237075 0.993423339252 0.995949169269 0.989412794434 259.885064177 259.792512735 259.40970051
349 210.072968098 282.907135833 0.988437525988 0.99596930596 0.989421762463 259.794240273 259.793575353 259.41021303
350 141.855447412 340.715679293 0.992352330471 0.995975533178 0.989366611667 259.865442243 259.793884875 259.407201154
351 84.6067454508 323.207794168 0.993283267654 0.995955671616 0.989360889483 259.882572186 259.792829993 259.406721333
352 105.348004879 306.350916452 0.992736427142 0.995951661269 0.989421677609 259.87291289 259.792694719 259.410200258
353 177.018913224 353.29245604 0.993376521577 0.995935977793 0.989432404064 259.884224478 259.791922762 259.410841782
354 152.281043065 336.835767577 0.993443927633 0.995967534934 0.989448315049 259.885412908 259.793478053 259.411736715
355 208.252600714 361.127747474 0.99341268311 0.995961207955 0.989418962338 259.884830811 259.793182226 259.410084098
356 181.169885787 306.131353658 0.993423524291 0.995945018784 0.989459622186 259.885041335 259.792336842 259.412364015
357 123.03226349 301.767841752 0.991828934404 0.995932355982 0.989411134952 259.857324247 259.791713079 259.409638302
358 162.629602588 266.400419228 0.992989810703 0.99597333895 0.989445585687 259.877337936 259.793780067 259.411546126
359 170.602855948 344.648050829 0.993331507907 0.995904296203 0.989416020555 259.883454449 259.790276231 259.409890617
360 58.9594268917 303.538726064 0.992857493384 0.995969449498 0.989414102096 259.875339296 259.793586584 259.409785555
361 165.55892902 344.037690718 0.993337465318 0.995961170932 0.98944285094 259.883537135 259.793147146 259.411424777
362 57.6732097503 281.619430047 0.993288615848 0.995961559089 0.989422180316 259.882646985 259.793182753 259.410229525
363 136.059073026 350.813129442 0.992111390843 0.995966845125 0.9894349852 259.862648783 259.793432661 259.410997264
364 138.160354457 231.680446125 0.99318717061 0.995971582123 0.989428638388 259.880959087 259.793687729 259.41061687
365 172.816398039 339.894776976 0.992817877862 0.995883858247 0.989424316309 259.873279412 259.789090156 259.41036112
366 143.153495779 294.697826898 0.991385459524 0.995971715604 0.989194246483 259.846656968 259.793690274 259.397825566
367 114.058226069 367.521435841 0.993368265721 0.995951841088 0.989390459227 259.884072552 259.792673802 259.408459458
368 130.457860195 214.995820258 0.992909882353 0.995952687934 0.989413443006 259.875235214 259.79273075 259.409755491
369 47.900394437 238.170374875 0.99343407899 0.995973576938 0.989443582215 259.885227015 259.793773298 259.411463749
370 190.531365768 343.401840834 0.992957261222 0.995939339647 0.989414033093 259.876822092 259.79205288 259.409792902
371 244.001681737 251.118955931 0.993410844163 0.995943855382 0.98944252415 259.88480708 259.792314844 259.411400141
372 152.020619588 293.322945223 0.993187701276 0.995687763264 0.989428723412 259.880988721 259.779568522 259.410601723
373 248.201289444 393.392729186 0.993176321101 0.995963057844 0.989435980044 259.880663498 259.79325371 259.411063222
374 156.895161785 328.489671634 0.993353323474 0.995921466761 0.989400253326 259.883830949 259.791125081 259.4090384
375 169.849110957 222.975455328 0.99332849361 0.995968642683 0.989421307834 259.883425562 259.793527977 259.410171517
376 214.270810175 299.831939618 0.993302510021 0.995882318694 0.989410073542 259.88294446 259.789115772 259.409569746
377 160.921245823 211.955344177 0.993141848481 0.9959388015 0.989418382364 259.880113157 259.791973806 259.410020038
378 234.361783253 335.057208276 0.993238855809 0.995950191515 0.989425980308 259.881898128 259.792582792 259.410481702
379 127.776342507 232.11210996 0.993344518534 0.995945348794 0.989452183216 259.883672902 259.792351552 259.411950154
380 132.329758442 207.835540285 0.993159731408 0.995973361372 0.989433802661 259.880302832 259.793764391 259.410924887
381 98.4220588975 311.084941415 0.991010509653 0.99593901299 0.989434125471 259.842405654 259.792025897 259.410896902
382 183.612740724 241.29447419 0.993228766528 0.995936844501 0.989423932591 259.881672596 259.791975219 259.410333708
383 113.146030339 268.336671918 0.99334350014 0.995944050939 0.989426822052 259.883609027 259.792299061 259.410525785
384 47.6634276299 387.544528075 0.993303677707 0.995826086945 0.989440727831 259.882974309 259.786527257 259.411313143
385 112.730601727 328.261957564 0.993453742846 0.995936872626 0.989432106859 259.885599211 259.791930556 259.410783118
386 113.757518528 284.380232812 0.992647554672 0.995915496165 0.989453364418 259.87126277 259.790961488 259.412004386
387 169.19641045 260.899869442 0.993312038142 0.995948227908 0.98943713119 259.883106245 259.792489125 259.411152531
388 218.692445733 290.013988867 0.99206027505 0.995772343177 0.989413073454 259.860905708 259.78332265 259.409726613
389 129.567987543 306.264425729 0.993296696408 0.995900057193 0.989457941449 259.882742336 259.79000426 259.412275483
390 47.8243936296 237.987536311 0.993422544424 0.995958340615 0.989419022331 259.885025986 259.793003195 259.41007048
391 82.3747240375 371.651399554 0.993441807392 0.995955636174 0.98940520255 259.885371522 259.79286181 259.409256696
392 108.637596154 319.553951455 0.993269691706 0.995958346364 0.989433255218 259.882313528 259.793004846 259.410875547
393 101.181966144 328.794811254 0.993262211466 0.995950262342 0.9894085526 259.88216233 259.792607199 259.409522321
394 149.939322124 349.411891126 0.991655398752 0.995952302402 0.989441789162 259.854324908 259.792694204 259.411342174
395 137.01094099 270.988109984 0.993453079922 0.995967355518 0.989438823777 259.885578578 259.793472354 259.411193543
396 151.370842151 186.914356574 0.993339775162 0.995957891222 0.989401312814 259.883556119 259.793042958 259.409034033
397 223.223614171 276.968498853 0.992878679135 0.995967707637 0.989427112803 259.875303855 259.793481596 259.410525359
398 184.62609943 308.618887392 0.99336841654 0.995941314268 0.989426988012 259.884087335 259.792178627 259.410535845
399 119.937764804 309.426308484 0.992450472332 0.995898670856 0.989394102266 259.867781654 259.789973377 259.408734719
400 145.141073479 286.519437693 0.992881450649 0.995942745721 0.989438507499 259.875660832 259.79223995 259.411160614
401 122.957440677 257.735934674 0.9931338836 0.995960065038 0.989429176774 259.879796381 259.793091774 259.410645618
402 124.563803542 315.249683913 0.993377733146 0.995953855546 0.98941804141 259.884248148 259.79280778 259.40997838
403 81.0988021281 343.684833772 0.993450439009 0.995956686611 0.989430702091 259.885530556 259.792950199 259.410717951
404 133.033841833 381.377405302 0.988316049464 0.995947177028 0.989377755483 259.79362743 259.792452244 259.407685845
405 164.971362682 324.208761126 0.99307324305 0.995904370101 0.989435199536 259.878825899 259.79038041 259.410985989
406 168.188731777 215.241086355 0.993303130412 0.995942678798 0.989353571167 259.8829213 259.792196038 259.4064009
407 165.956286932 228.909504631 0.993100253915 0.995918763888 0.989424269779 259.879284017 259.791055319 259.41036596
408 165.01758156 220.789940484 0.993238338616 0.995918844487 0.989382896507 259.881758891 259.790956188 259.408003923
409 114.513380088 386.007759828 0.993269591145 0.995962518169 0.989441451633 259.882353009 259.793227639 259.411357296
410 206.771461302 301.714993637 0.993228964419 0.995979558659 0.989407871292 259.88162278 259.794080178 259.409424191
411 141.807079049 294.932082335 0.993126978525 0.995756689429 0.989415277591 259.879716861 259.78252556 259.409882175
412 113.593508046 243.497594136 0.993406315514 0.995965522701 0.989195671162 259.884787784 259.793380231 259.397820246
413 186.060036729 253.64618794 0.992921813995 0.995938383788 0.989467364878 259.876323452 259.792046129 259.412854794
414 150.887820986 257.642978549 0.993398525469 0.995938714592 0.989439768134 259.884648606 259.792030243 259.411230235
415 80.789011265 357.985765512 0.99314294735 0.995957173931 0.989471591859 259.880136671 259.792962409 259.413059246
416 141.750109279 205.750395453 0.993275163027 0.995887924394 0.989261315938 259.882416485 259.789466728 259.401510722
417 137.053477956 349.320188461 0.993399010257 0.995894267664 0.989383803316 259.88458856 259.789736345 259.408103034
418 122.722718222 152.017764748 0.993281867172 0.99595886642 0.989443033233 259.882611723 259.793051215 259.41141744
419 162.335462629 360.178986676 0.993315509566 0.995753888084 0.989424722715 259.883150044 259.782518268 259.410374531
420 181.228541791 222.759386869 0.993395155415 0.995951650271 0.989410879301 259.884565028 259.792658737 259.409619995
421 131.960401008 347.820479839 0.993368012407 0.995968865769 0.989426272207 259.883990802 259.793536194 259.410454571
422 88.4352508977 239.012277999 0.993403065754 0.995944957625 0.989345119861 259.884714478 259.792332934 259.40597397
423 89.0453347284 346.894156266 0.993403202625 0.995959194835 0.989452118848 259.884684118 259.793066932 259.411946595
424 223.826168018 296.367485969 0.992806625809 0.995872874949 0.989419013348 259.873768429 259.78863309 259.410103497
425 100.447150522 338.301140381 0.993211053908 0.995959724546 0.989445552954 259.881323184 259.793085359 259.41156646
426 148.13300164 343.699597198 0.99333555092 0.995913803111 0.989428879903 259.883495514 259.790850826 259.410642986
427 183.279460135 326.761359474 0.993347856154 0.995968488645 0.989425252023 259.883712483 259.793534368 259.410443686
428 194.465611422 303.708095223 0.992942118784 0.995970557166 0.989412917286 259.87654594 259.793634744 259.409691004
429 160.493565787 331.10697624 0.993427016659 0.99591331542 0.989419698744 259.885110904 259.790706573 259.41009934
430 125.102189996 368.344405963 0.993313006359 0.995962753624 0.989430671989 259.883141648 259.793227652 259.410735044
431 105.42094716 298.841765028 0.990818157322 0.995915399264 0.989421082616 259.832713896 259.790842288 259.410198469
432 174.414341745 326.042372093 0.992789519828 0.995968953376 0.989428779545 259.874113691 259.793534956 259.410621111
433 168.354348624 260.271867315 0.991957579295 0.995937540208 0.989359179063 259.859448076 259.791955598 259.406742532
434 129.782466251 199.449836503 0.993433787932 0.995966566189 0.98946742403 259.885241426 259.793420919 259.412828825
435 175.513240251 284.284934815 0.993254603317 0.995926920187 0.989429424409 259.882013232 259.791435159 259.41066176
436 129.999190979 352.223803013 0.992922547618 0.995934057613 0.989417553484 259.876086955 259.791749221 259.409979796
437 141.316161042 257.236726582 0.993202733042 0.995965948656 0.989276819092 259.881209835 259.793392763 259.402230959
438 104.667375878 275.637431748 0.993312442175 0.99596461752 0.989434060213 259.883089381 259.793324424 259.410934091
439 214.948287526 171.207033734 0.993270624682 0.995876058097 0.989408234903 259.882326809 259.788845487 259.409463913
440 121.49596427 326.978530224 0.993326579883 0.995910488391 0.989436323365 259.883281647 259.790586389 259.411052592
441 128.222079937 245.196718291 0.993403372388 0.995886372123 0.989385026901 259.884701831 259.789346733 259.408114745
442 119.398570101 273.55922988 0.992019456543 0.9959730207 0.989406610126 259.859960534 259.793749046 259.4093571
443 168.612146749 281.00946629 0.993372876625 0.995963198719 0.989462627143 259.884215587 259.793265904 259.41253245
444 114.632560707 261.716314965 0.992949596669 0.995899114848 0.989396811393 259.876722088 259.789945145 259.408842942
445 124.391700727 167.08627663 0.993370451726 0.995950062739 0.989438253775 259.884136859 259.792617344 259.4111366
446 161.254110074 351.691135988 0.993151032531 0.995961388628 0.989450080587 259.880348528 259.793170447 259.411815574
447 117.698934501 266.713070229 0.993231036329 0.995923590511 0.989427916381 259.881738891 259.791233404 259.410563409
448 155.180144722 286.877120011 0.993408654311 0.995969301304 0.989430116408 259.884790176 259.79356797 259.41068844
449 101.804894277 360.368563849 0.992908776191 0.995960251401 0.989426961991 259.875873377 259.793125008 259.410506827
450 136.509428447 328.950583939 0.993124939756 0.995892746543 0.989432090929 259.879797182 259.789545423 259.410798839
451 106.268069714 318.971759068 0.993186315446 0.99594231295 0.989432366649 259.880858062 259.792205171 259.410808894
452 118.26352165 310.393218083 0.993346854711 0.995944053045 0.989407445158 259.883656429 259.792316343 259.409389179
453 223.265419575 468.060331335 0.993447494098 0.995964027663 0.989425781905 259.885471459 259.793288504 259.410429621
454 145.384865368 366.347957292 0.993286109096 0.99593429361 0.989403064367 259.882591729 259.791763834 259.409220562
455 61.6427780408 257.77668297 0.990812160868 0.995928529025 0.989385396796 259.837675786 259.791467009 259.408189104
456 186.108420128 314.883980475 0.993465826775 0.995944988481 0.989435094889 259.88580394 259.792347037 259.410984059
457 152.030077534 314.116158654 0.992942538832 0.995955214947 0.989430563192 259.876815468 259.792851096 259.410711618
458 128.692293635 277.824808478 0.993348348049 0.995957327697 0.989421523905 259.883714581 259.792958793 259.410213805
459 103.283407805 331.78010752 0.993426018369 0.995955145123 0.989430321889 259.885123369 259.792886509 259.410700284
460 199.749218393 255.438420629 0.993269909101 0.995935715346 0.989420966353 259.882288382 259.791885032 259.41016966
461 237.387943541 289.38219349 0.993143180709 0.995954534794 0.989248376538 259.88015533 259.792837312 259.4004176
462 70.8784072924 310.826718111 0.993470065369 0.995960371397 0.989438891212 259.885868649 259.793115179 259.411182763
463 156.128482162 306.829917905 0.993094153938 0.995848221277 0.989442661011 259.879352926 259.787329597 259.411408223
464 198.526413662 337.29821397 0.99332712888 0.995960092591 0.989419909658 259.883422657 259.79309665 259.410115039
465 144.829480021 305.801419724 0.99318495903 0.995958396775 0.989302267081 259.880900664 259.793002819 259.403279553
466 97.4767734296 233.772137705 0.989156696829 0.995967757137 0.989446550766 259.80500097 259.793502236 259.411609953
467 220.125383485 364.140157017 0.993187490535 0.99596602086 0.989361665931 259.880888469 259.793384447 259.406783173
468 191.719817222 335.547012948 0.993416920212 0.995944285438 0.989455268331 259.884951976 259.792282253 259.412125261
469 137.203454057 359.453710501 0.993247966987 0.995972701005 0.989408419331 259.881917907 259.793746821 259.409504952
470 167.181323503 335.740990638 0.993386846694 0.995934626901 0.989432869345 259.884362271 259.791785276 259.410831963
471 156.580778631 307.649214668 0.993228042187 0.99594735008 0.989439821867 259.881550137 259.792427371 259.411252388
472 178.295628715 223.468041112 0.99316343805 0.995899144166 0.989422024821 259.880385903 259.789894842 259.410246152
473 153.089059538 418.082352584 0.992964220765 0.995950753654 0.989427623534 259.876999583 259.792631016 259.410536695
474 385.241246647 294.775975145 0.993117491172 0.995963409727 0.989430565377 259.879764234 259.793291483 259.410698975
475 175.409158105 378.241605904 0.993277817984 0.995941643762 0.989432121803 259.882474558 259.792186546 259.410800376
476 145.460023711 257.114525414 0.993043890501 0.995906983132 0.989399879659 259.878237406 259.790359917 259.408959291
477 209.598133756 263.572490418 0.993368412673 0.995950507017 0.989448797415 259.884078361 259.792607651 259.411726598
478 163.906167304 355.961499096 0.992152578772 0.995949056101 0.989427640513 259.862149863 259.79256628 259.410552573
479 168.981421938 285.934580823 0.99312543228 0.99596986685 0.989414735162 259.879824726 259.793587098 259.409813412
480 147.527467936 337.484623885 0.993251832687 0.995920174766 0.989441933458 259.882017317 259.791100772 259.411360121
481 198.908447466 271.86402899 0.993177413546 0.995939534904 0.989388298298 259.880682486 259.792045636 259.408296224
482 31.640782296 295.073659416 0.993324482659 0.995960126487 0.989437137092 259.883319598 259.793114129 259.411088983
483 139.486636934 241.687412448 0.993322584157 0.995949881266 0.989434830127 259.883225791 259.792566365 259.410956858
484 170.026867844 344.308400758 0.993203843426 0.995956342408 0.989426434434 259.881012514 259.792908487 259.410482719
485 149.44075016 271.969750593 0.993350217957 0.995976598116 0.989444444609 259.883754052 259.793937259 259.41150466
486 207.471570299 319.138884344 0.99218165092 0.995956201506 0.989104605611 259.863281847 259.792910777 259.391933186
487 132.415417134 255.49853309 0.993231866681 0.995940866434 0.989415087907 259.881679554 259.792098923 259.409828891
488 173.299459647 273.910485395 0.982425201017 0.995937542384 0.989430788021 259.670954827 259.791957939 259.410734938
489 212.275034924 222.041982071 0.993337373121 0.995938617859 0.989416666045 259.883571203 259.792039436 259.409952745
490 174.543610356 291.192860213 0.99336803339 0.99597050593 0.989444939982 259.884106218 259.79362152 259.411527054
491 66.1418600667 243.156776672 0.993135797559 0.995925087039 0.989445376899 259.879992362 259.791357237 259.41155344
492 155.846081908 249.05795438 0.992719548807 0.995962285685 0.989420499536 259.872635162 259.793207666 259.410163362
493 195.616110802 310.621413649 0.993261148967 0.995950544369 0.989445949564 259.882199942 259.792594195 259.411611017
494 137.345949214 224.467814437 0.993192890921 0.99584615259 0.98943057863 259.880946106 259.78726448 259.410706655
495 249.903912402 207.779560753 0.991385952982 0.99594715853 0.989394923628 259.849059453 259.792484511 259.408670642
496 221.103997247 324.576090629 0.993302972808 0.995964027785 0.989426307982 259.882938887 259.793314948 259.410463948
497 132.94171579 271.491475282 0.993156334627 0.995933775888 0.989461009201 259.880193073 259.791730475 259.41245478
498 143.08545027 270.949012146 0.993147371102 0.995894697679 0.9894378279 259.880106211 259.789780714 259.411154787
499 93.1035274957 309.091480477 0.993386358792 0.995976737361 0.989419178521 259.884387411 259.793942477 259.410073261
