0 163.932816113 282.729748018 0.987850993563 0.993086404134 0.982524188209 259.787251879 259.645784751 259.023775549
1 201.446670352 213.981284215 0.9888808368 0.993062299262 0.982518858547 259.805292594 259.644637868 259.02351005
2 165.350266436 404.230273309 0.988789324177 0.993148067572 0.982493967781 259.803602077 259.648752935 259.0221093
3 127.561873088 397.924101907 0.987386203046 0.993126011289 0.982494983608 259.778655244 259.64765959 259.022104691
4 186.231384963 385.99595782 0.988915843727 0.993050327938 0.982516137758 259.805895499 259.643667098 259.023303363
5 138.026142721 313.09527051 0.988262766536 0.993141130544 0.982495447251 259.794528519 259.648411248 259.022131292
6 99.3057275056 261.122919949 0.986922968617 0.993112727415 0.982528246662 259.771089932 259.646954933 259.023954677
7 125.415844022 244.204706766 0.988379130658 0.992951619148 0.982494746646 259.796122593 259.638901857 259.022103009
8 154.257187372 313.212627275 0.989019197808 0.993119813548 0.982523408319 259.807696685 259.647315161 259.02370981
9 161.897703241 258.126837367 0.988609441613 0.993154232574 0.982524405903 259.800529336 259.649090831 259.023780656
10 124.615741257 337.946372965 0.988972467468 0.993091044299 0.98250731247 259.806846803 259.646021713 259.022811368
11 103.896497343 284.573040927 0.988251756445 0.993100543061 0.982517371584 259.793751454 259.646476018 259.023409795
12 87.2958591167 274.964381911 0.98885572431 0.993143599326 0.982527117923 259.804772807 259.648547834 259.024021688
13 78.9823740789 314.837172576 0.988731808376 0.993126245325 0.982528984395 259.802607396 259.647680373 259.024054616
14 182.535375812 307.297836379 0.988726447215 0.992942234918 0.982458737351 259.80241257 259.638623022 259.020054261
15 151.403032479 224.952990203 0.988851236707 0.993113336679 0.982494297068 259.804741552 259.64705968 259.022042769
16 214.431586476 286.235020678 0.988793547335 0.993110009132 0.982409452547 259.803647399 259.646877882 259.017235101
17 183.750545738 383.982340078 0.987488307421 0.993125801213 0.982479212393 259.780910764 259.647688967 259.021173732
18 130.756884092 378.3861958 0.988015954558 0.993027196295 0.982348394321 259.790110634 259.642590263 259.014025755
19 182.902673289 366.481962615 0.988291310728 0.993134906024 0.982528300778 259.794551677 259.64813345 259.023984506
20 194.670725888 284.881448514 0.988704169867 0.993022388934 0.982524232366 259.80183968 259.642291423 259.023768381
21 135.321196093 224.494747187 0.988686818862 0.993134309612 0.982648771863 259.801804988 259.648073817 259.030950435
22 144.704890462 349.820045859 0.988736557862 0.992980239699 0.982577404464 259.802726493 259.640353 259.026892584
23 193.995576306 298.982329884 0.988209138164 0.993097926392 0.982500551933 259.793368077 259.646249842 259.022408418
24 138.995676211 333.722486658 0.988826215958 0.993134645262 0.982457424233 259.804282241 259.64810963 259.019961357
25 113.796944188 281.540819729 0.988435598701 0.993073578477 0.98250396392 259.797261446 259.64486915 259.02258982
26 150.009376125 282.991459539 0.988878140148 0.992998612554 0.982517211793 259.805263344 259.641117162 259.023362596
27 87.7842965477 302.658495732 0.988966866129 0.993085760969 0.98249946293 259.806781271 259.645642355 259.022334599
28 106.210601911 295.644369625 0.988043511572 0.99316307664 0.98248691866 259.790135209 259.64957865 259.021654918
29 128.366929183 373.120103377 0.98878284995 0.993110577394 0.982487638251 259.803483984 259.646943575 259.021682231
30 182.862180154 342.620343099 0.988923183855 0.993120724656 0.982487088096 259.806013729 259.647426516 259.021636012
31 211.28071722 324.926935166 0.988789010512 0.993106137063 0.982532811258 259.803649197 259.646696878 259.024248767
32 179.76725823 154.026493721 0.988881726771 0.992990592836 0.982499199932 259.80522398 259.640949062 259.022354519
33 156.189314709 399.55043361 0.988770045667 0.993129754891 0.982363040565 259.803206719 259.647891245 259.015083787
34 83.3741935564 336.325789622 0.988925048524 0.993106368156 0.982528029329 259.806007625 259.646749991 259.024016773
35 126.649837522 264.7800618 0.988605544327 0.993133187552 0.982502197162 259.80040253 259.648015963 259.022536328
36 115.757573113 329.408167953 0.988771992514 0.993141863207 0.982462096881 259.803337273 259.648488698 259.020263711
37 156.563420409 301.503623795 0.988859970964 0.993019164503 0.982462386013 259.804862706 259.642151599 259.020342702
38 126.799756677 386.932895276 0.988968170631 0.992994843094 0.982126711403 259.806799227 259.64087499 259.001301959
39 81.2518117503 267.576655694 0.987336563731 0.993092714352 0.982314051561 259.777677246 259.646042375 259.011936519
40 240.402429904 305.97020018 0.988736231717 0.99294242073 0.982526778038 259.802739886 259.638512171 259.023948375
41 172.761013195 344.589589192 0.977020072806 0.992949719456 0.9824997948 259.578881402 259.638824147 259.022373436
42 123.738952915 317.16883054 0.98893990125 0.993141540271 0.982500242885 259.806290313 259.648459265 259.022391187
43 123.077102642 293.009713952 0.986263011933 0.99308887939 0.982511989009 259.757737876 259.645702382 259.023046433
44 116.127564325 360.174595123 0.98877560238 0.993147554803 0.982506781208 259.803375659 259.648749776 259.02279254
45 120.324607008 260.940894584 0.988111981745 0.993108099614 0.982493157978 259.791893602 259.646723197 259.021988243
46 164.599505892 335.288625839 0.988834549352 0.993041172829 0.982495226113 259.804432546 259.643417505 259.022081621
47 141.589330391 361.819385792 0.988706723495 0.993148289304 0.982513581223 259.802156167 259.648790013 259.023176683
48 132.255699462 377.752793121 0.988787226217 0.993139862617 0.982499198122 259.803561601 259.648385774 259.022352253
49 160.989242935 253.399007086 0.988194954299 0.993144217941 0.982522624936 259.793450302 259.648542614 259.023669018
50 147.033018151 335.074309995 0.988641649073 0.993129633591 0.982516195595 259.801018282 259.647887137 259.023304578
51 232.88592524 207.829365127 0.988047599942 0.993073130648 0.982524653555 259.790705113 259.645104131 259.023799206
52 129.366820022 254.026572026 0.988609693673 0.99309833502 0.982490183449 259.800397045 259.646300698 259.021805361
53 127.7201207 193.61806274 0.98857604033 0.993067401169 0.982395699436 259.799890567 259.644708995 259.016674423
54 101.725827375 305.978040997 0.988165988393 0.993141985294 0.982536832587 259.792798577 259.648430899 259.02450839
55 189.19507925 297.672535291 0.987196172863 0.99312034467 0.982491313374 259.773536181 259.647414078 259.02189866
56 174.0802527 332.338406993 0.988941189171 0.993154232005 0.982460102893 259.806355989 259.649106612 259.020081355
57 163.568450778 284.188539086 0.988441061628 0.993153337246 0.982481598346 259.797322395 259.649040879 259.021367159
58 261.770814233 289.623488311 0.988791889323 0.993156402457 0.982500648654 259.803630159 259.649229505 259.022423604
59 182.505488256 371.028286734 0.98035900353 0.99307192722 0.982221102174 259.638503953 259.644952032 259.006330808
60 179.098899323 324.692258777 0.988892168683 0.992929991109 0.982424437652 259.805432678 259.637528253 259.018078172
61 109.878942975 310.966747444 0.986457406657 0.99303692138 0.982399337661 259.762332093 259.64328125 259.016480995
62 162.530436868 351.850249249 0.988627028044 0.993093002524 0.982509049726 259.800587949 259.646026534 259.022931522
63 163.531712742 286.200269145 0.98846299767 0.993150830826 0.982482778413 259.797792697 259.648942474 259.021478422
64 140.472015226 350.935337714 0.98799431021 0.993132142183 0.982530716492 259.789603397 259.647982459 259.024145807
65 154.703774768 215.38094328 0.988560582172 0.99311923626 0.982444330934 259.799494795 259.64735602 259.019236607
66 140.303161402 329.868085007 0.988243060976 0.993140700339 0.982499957315 259.79398599 259.648436623 259.022404365
67 127.288617938 311.474338385 0.988910784273 0.99308550644 0.98251966274 259.805774709 259.645600904 259.023521728
68 83.1151338445 316.726396237 0.986723841014 0.993129596093 0.982529490671 259.767948695 259.647870128 259.024091007
69 184.612711972 207.857612656 0.988920284684 0.993115667026 0.982513848209 259.805984362 259.647119952 259.023169202
70 145.835978987 362.821464934 0.988708103559 0.993162794862 0.982523251705 259.802246709 259.649518713 259.023745347
71 134.652204972 243.142516298 0.9860271361 0.993146295485 0.982549706566 259.753627002 259.648688696 259.025234312
72 82.2042573709 338.357599077 0.987810084689 0.99314864373 0.982504625759 259.785916284 259.648818852 259.022667943
73 170.087542074 265.754451857 0.988839790765 0.993140023527 0.982537936469 259.804555597 259.648383912 259.024564821
74 95.6079547788 288.183494987 0.988304442845 0.993094500691 0.98250405722 259.795187822 259.646063505 259.022594111
75 122.383473044 189.463667312 0.9876758771 0.993135457475 0.982449143284 259.783457263 259.648157242 259.019556388
76 88.3041676999 429.612283806 0.988910844086 0.993137178935 0.982507011711 259.805818488 259.648238885 259.022815571
77 127.64389378 332.234221094 0.985790548078 0.993154434099 0.982544687823 259.750291273 259.649132307 259.024961748
78 203.35778518 298.730845142 0.987936528269 0.99312267163 0.982515518206 259.788246494 259.647466394 259.02329906
79 189.166754462 278.603774983 0.988369839698 0.99316200018 0.98251462997 259.79601298 259.649524503 259.023262017
80 8.74176255573 365.214965073 0.988782708563 0.993150253164 0.98254286463 259.803508695 259.648904167 259.024805274
81 256.733044194 254.442768025 0.986318801629 0.993127927249 0.982514804892 259.759987056 259.647821687 259.023244652
82 167.072465178 277.873778992 0.988895916592 0.993117858842 0.982295555672 259.805565394 259.647274042 259.010586135
83 132.106855637 395.726113257 0.988884632636 0.993011140821 0.982516266841 259.805323311 259.641631391 259.023303289
84 114.786921985 296.169242375 0.988821469538 0.993138852147 0.982461244898 259.804193388 259.648342088 259.020223775
85 179.350500805 254.319903849 0.966538368728 0.993085306863 0.982521332394 259.328130293 259.645637077 259.023609653
86 71.8620060597 353.483518081 0.987905258412 0.993091563063 0.982514478882 259.786173862 259.645954107 259.023213172
87 111.703438802 330.503242701 0.984337326488 0.993068241002 0.982530677717 259.724942719 259.644677606 259.024128883
88 176.961327004 239.889731881 0.985230732827 0.993130237611 0.982504063161 259.737661022 259.647858362 259.02262962
89 213.036687481 246.78077865 0.988888580149 0.993084612772 0.982519928755 259.805391687 259.645553388 259.023493718
90 165.451075046 239.777582112 0.988974282106 0.993158090451 0.982523872625 259.806915644 259.649328886 259.023738016
91 45.2574748221 302.622140477 0.988883310298 0.993039430339 0.982492572288 259.805321122 259.64315699 259.021952433
92 223.925874499 258.640875886 0.988807645366 0.993111894661 0.982508056932 259.80397738 259.646986309 259.022868678
93 209.589314299 398.693153457 0.988906511688 0.993132148392 0.982389713342 259.805734361 259.647996869 259.015962102
94 154.542936816 262.19689237 0.988544736585 0.993140058669 0.982523867002 259.799248396 259.648379732 259.023768797
95 211.881610407 292.719915227 0.988754959381 0.993171341002 0.982499382087 259.802978539 259.649970156 259.02232309
96 211.332675391 300.90731322 0.988801113761 0.993122951383 0.982536908653 259.803851821 259.64749012 259.024495484
97 188.741474203 273.852235882 0.988982773169 0.993052231024 0.982534026942 259.807057935 259.64402217 259.024333785
98 234.904178399 306.987993099 0.988351109256 0.993044449903 0.982500635387 259.796148338 259.643672625 259.022435306
99 164.259172915 191.924343391 0.988672697927 0.993142602808 0.98251354794 259.801575745 259.648496206 259.023195846
100 60.3782640825 283.571169799 0.98878895266 0.993131738815 0.982159585534 259.803578038 259.647943779 259.002471731
101 73.5250606177 211.626651079 0.988790717208 0.993137767401 0.982546670544 259.803631077 259.648286969 259.025032347
102 214.789541806 335.999148573 0.988655052566 0.993111470548 0.982474099281 259.801173214 259.646935999 259.020925109
103 43.2577993459 322.537431299 0.988820675692 0.993153709182 0.982340041349 259.804172914 259.649064662 259.013261217
104 142.935741502 337.078495298 0.988441277083 0.993059298614 0.982465787606 259.797394361 259.6442527 259.020449184
105 222.962675983 354.30300866 0.988703352821 0.993065343113 0.982547483405 259.802129626 259.644546754 259.025099259
106 162.522060377 340.120309076 0.988986192419 0.993119022379 0.982488780751 259.807130627 259.64730993 259.021881373
107 121.92639808 276.114259083 0.988549584881 0.993125344583 0.982473288798 259.799348645 259.647620316 259.020812546
108 128.472985012 206.672991914 0.97543238415 0.993092893235 0.982472425872 259.547975326 259.646061947 259.020817342
109 190.133977518 380.921982601 0.988542833207 0.993101770025 0.982458188703 259.79922635 259.646496004 259.020005377
110 148.910154611 336.51005838 0.988799032795 0.993130002948 0.982436965746 259.803748662 259.647833408 259.018801349
111 197.06390534 328.816249537 0.988190351707 0.993125035737 0.982500203153 259.793002324 259.647666056 259.022402938
112 130.484557053 235.918109506 0.988848705038 0.993109291984 0.982523495925 259.804711454 259.646817094 259.023729478
113 119.361774387 382.290205449 0.988820551445 0.99314557715 0.982526764891 259.804195756 259.648645325 259.023915663
114 129.184868427 326.570546984 0.988945362688 0.993150117604 0.982530125679 259.80641633 259.648913344 259.024130971
115 129.535704046 294.292208859 0.988624154723 0.992962722381 0.982492260206 259.800751959 259.63905192 259.021920452
116 80.8827175876 270.252282196 0.988054726494 0.993102556976 0.982492265485 259.790732616 259.646460866 259.021989987
117 133.968645815 318.609198211 0.980684780195 0.993164114707 0.982519322602 259.651335859 259.649579624 259.023441518
118 213.050181482 306.704606391 0.986914256405 0.99308308047 0.982425939471 259.770063801 259.645606755 259.018313984
119 132.139182103 374.087226109 0.988452349057 0.993164784568 0.982429436777 259.797669847 259.649640592 259.018388708
120 161.904833001 242.020975216 0.988041626357 0.99307525109 0.982489260998 259.790502619 259.645166094 259.021768972
121 191.538383353 280.647436212 0.988740952721 0.993183334383 0.982371912356 259.802814547 259.650622958 259.015165457
122 212.33601343 335.35154272 0.988660354397 0.993148309792 0.982532942655 259.801409263 259.648779245 259.024235136
123 102.300866867 285.620333673 0.988830084989 0.99311057276 0.982499527866 259.804376388 259.646882888 259.022379596
124 132.196022479 171.588568572 0.988614018482 0.993041839093 0.982524978276 259.800548322 259.643465412 259.023803019
125 163.419346943 268.229622565 0.988095986464 0.993150622041 0.982518157635 259.791344666 259.648920834 259.023427319
126 191.877657583 380.830709232 0.985024745109 0.993141118272 0.982477017895 259.735338199 259.648438515 259.021057507
127 232.87667869 318.095803635 0.988905608262 0.99307727655 0.982475995294 259.805701236 259.64526295 259.021006901
128 143.165034582 293.447666215 0.988903084714 0.993131542487 0.982495481002 259.805687152 259.647966421 259.022127121
129 177.082105907 333.279136448 0.98805134602 0.993126430828 0.982513662374 259.790009788 259.647731367 259.02315482
130 204.856669896 269.78582329 0.975946724833 0.993129425979 0.982523041508 259.558227702 259.647838553 259.023673976
131 186.907573332 302.952120899 0.988772131114 0.992942698748 0.982527663315 259.80317097 259.63836905 259.023956369
132 103.741404986 261.929784902 0.988592087765 0.993118278553 0.982468640346 259.800110357 259.647298287 259.020605784
133 133.652504925 345.441966793 0.988619775992 0.993093171144 0.982145778288 259.800830198 259.645950464 259.002660491
134 116.982061983 340.398820738 0.988862860746 0.993156584516 0.982491821353 259.80488339 259.6492283 259.02193022
135 87.9676481841 275.376013035 0.988481246512 0.993107045922 0.982470475692 259.798113206 259.64675665 259.020714407
136 150.715476787 285.723127372 0.988724924338 0.993050164744 0.982554039482 259.802404241 259.64371621 259.025468783
137 214.457938821 285.961236571 0.988607523693 0.99315888051 0.982480913648 259.800335058 259.649308498 259.021277187
138 50.1988298203 232.917893882 0.988466129153 0.992980472809 0.98247335858 259.797805192 259.640054312 259.020894881
139 101.241546484 340.171025163 0.988168262572 0.993021272999 0.982518928803 259.792198396 259.642314709 259.023475642
140 227.772813759 434.862849751 0.98841356184 0.993136022797 0.982103351501 259.797039941 259.64819327 258.999401368
141 227.628478448 271.550547127 0.98892817674 0.99313363163 0.982499504941 259.806081666 259.648060542 259.022346865
142 111.972312485 253.255168976 0.988533987233 0.992943271896 0.982499301683 259.79925763 259.638174146 259.02236245
143 118.602917039 309.336024831 0.988735933165 0.993061470329 0.982505117991 259.802636367 259.644366482 259.02269742
144 141.64103308 326.675219933 0.98821126026 0.993000076403 0.982510880311 259.793519175 259.641030749 259.02300391
145 173.556767533 408.452570127 0.988579448202 0.993107482154 0.982496844052 259.799911037 259.646758764 259.022280461
146 102.603812481 362.137989853 0.988753472639 0.993015845966 0.982494441166 259.803044527 259.642198726 259.022095284
147 184.185794407 297.836425204 0.988750487401 0.993078193224 0.982477422161 259.80290346 259.645241872 259.021103969
148 210.624582708 425.104175398 0.988549117492 0.993250900186 0.982511385281 259.799389206 259.654116017 259.023017147
149 119.633183255 354.768180974 0.988674887671 0.9931682605 0.982500025192 259.801657472 259.64981418 259.022506416
150 84.6795526217 197.433564034 0.988324733282 0.993155165948 0.982446757295 259.795320483 259.649153554 259.019465173
151 143.136939623 269.125875505 0.988628656184 0.993145687987 0.982529351112 259.800778528 259.648687039 259.024069741
152 117.890976877 253.598072293 0.988739104044 0.99312459518 0.982521714375 259.802716044 259.647623211 259.023714252
153 105.861008595 247.799776057 0.988586898844 0.993116989056 0.982497378698 259.799890007 259.647224081 259.022272115
154 141.426528153 301.152725226 0.988863787028 0.993129845605 0.982534893424 259.804946357 259.647873657 259.024321542
155 91.8174471456 275.482724248 0.988062223468 0.993082418391 0.982484265409 259.790998833 259.645465846 259.021474584
156 80.7251950534 379.926343776 0.988913527455 0.993108585787 0.98252127444 259.805821961 259.646840024 259.023597867
157 123.121568067 261.083200727 0.988832866731 0.993109004635 0.982501184919 259.804392922 259.646823226 259.022445742
158 219.133116882 372.392231854 0.988584283345 0.993129797648 0.982513396475 259.799924576 259.64780333 259.02312654
159 152.846257591 219.581119256 0.988822440612 0.993113486428 0.982505848301 259.804190842 259.647056402 259.022716046
160 142.71904168 320.759680064 0.982307774651 0.993079969595 0.982503613949 259.686140107 259.645365464 259.022634809
161 167.255107674 272.918296242 0.988907997426 0.993110354455 0.982491075741 259.805753922 259.646926161 259.021897401
162 180.091308176 317.19126633 0.988529424404 0.993113555979 0.982508254002 259.798734521 259.647018729 259.02284241
163 150.917145567 220.584478086 0.987417686106 0.993101193415 0.982509140694 259.779419455 259.64648014 259.022908299
164 207.618023725 310.395947995 0.988054147773 0.99315143078 0.982523550909 259.790660975 259.648985882 259.023774503
165 84.5530847503 316.165062506 0.988767381713 0.993031793413 0.98244086106 259.803323344 259.643081174 259.019044227
166 199.884836063 262.147815719 0.988532048098 0.993144360162 0.982489682153 259.798899353 259.648615261 259.021811776
167 153.670255924 333.634030476 0.987609778863 0.993014534253 0.982539287897 259.782633143 259.642155216 259.024606806
168 200.332246999 318.774841001 0.988677085958 0.992994741265 0.982538062427 259.801699025 259.640923625 259.024577484
169 219.790012158 387.013423819 0.988693487634 0.993096991934 0.98252208474 259.801896828 259.646204454 259.023651873
170 138.352586652 303.647994896 0.988436527419 0.99306788346 0.982510428539 259.79747434 259.644686932 259.022986388
171 223.734428933 300.452034883 0.98851007778 0.992961967817 0.982511826189 259.798533195 259.639413739 259.023067402
172 193.373517119 299.808684135 0.988827318609 0.993087175777 0.982495707467 259.804330923 259.645828333 259.022128678
173 110.89780372 299.440954176 0.98825965876 0.993008106795 0.982524848866 259.794432744 259.641930773 259.023827906
174 117.695060101 322.180980831 0.988950443457 0.992942056375 0.982481909712 259.806496252 259.638467453 259.021341822
175 131.857868955 424.006763279 0.988636152467 0.993058393584 0.982478024417 259.801020239 259.644226659 259.021168852
176 67.2758877761 364.49043212 0.988883235234 0.993147374259 0.982506048402 259.805258354 259.648783486 259.022736629
177 225.118148427 343.225376139 0.987791831402 0.9931477061 0.982522376349 259.78638135 259.648773552 259.023684767
178 128.106965239 315.659135846 0.988516488846 0.993154500255 0.982519906147 259.798694262 259.649094992 259.023514252
179 128.433288065 389.686601995 0.988825010358 0.992901617149 0.982615915496 259.80427081 259.636587296 259.029088465
180 126.269617158 365.076510895 0.988536020359 0.993086928527 0.982484197667 259.799147869 259.64562805 259.021483407
181 258.564526174 315.148342013 0.988915729279 0.993157471399 0.982470183457 259.805896546 259.649272674 259.020670656
182 117.439163764 302.095207378 0.988768086547 0.993093115433 0.982553560632 259.80331644 259.645998846 259.025469485
183 153.221249637 331.492046157 0.988954665532 0.993155144767 0.982473487875 259.806549758 259.649155534 259.020881682
184 171.453514415 239.834524584 0.988709868715 0.993135990466 0.982484996222 259.802267527 259.64818904 259.021543498
185 161.109286182 356.963162309 0.988727866329 0.993013390237 0.982214767065 259.802652985 259.642013111 259.00654259
186 115.009499755 245.427755303 0.98872393107 0.993147611283 0.98250121796 259.802493507 259.648775517 259.022448872
187 194.422967957 300.92486112 0.986258179927 0.993048305175 0.982519579007 259.760110311 259.643791761 259.023492641
188 53.1315141637 310.995136909 0.988876521259 0.993007158225 0.982534327733 259.805183315 259.641378864 259.024385012
189 123.210572575 313.108147448 0.988565450946 0.993141643328 0.98270741877 259.799517161 259.648501054 259.033726916
190 131.29424764 291.893001435 0.988552171653 0.993098412549 0.982486913205 259.799282795 259.646265908 259.021622349
191 124.680677958 302.068823011 0.988885316922 0.99313408618 0.982494459243 259.805341565 259.648121533 259.022068842
192 166.223701614 287.407519917 0.988927809454 0.993068810954 0.982511852922 259.80611339 259.644813586 259.023075025
193 114.729207699 233.783032501 0.988587388754 0.993052280656 0.982479326409 259.800137605 259.643971635 259.021194948
194 162.700432086 286.284689233 0.988907932214 0.993028092581 0.982490187697 259.805741851 259.642623487 259.021792994
195 159.43481008 271.923811437 0.988820650597 0.993119770896 0.982474865086 259.804171888 259.647338997 259.021067359
196 174.229382318 245.298095611 0.975221948337 0.992991721098 0.982508471858 259.533854344 259.6408889 259.022865453
197 155.911895615 271.303860036 0.972147344051 0.993118759265 0.982509269987 259.477265329 259.647337668 259.022932291
198 170.413201504 242.80711395 0.988832252111 0.993133336085 0.982503720425 259.804385079 259.648072378 259.022691677
199 153.355209494 329.445403403 0.988698894565 0.993127014718 0.982519581398 259.802011752 259.647772993 259.023485332
200 174.896206291 234.615915733 0.988284394636 0.993138035654 0.982458337079 259.794896776 259.648250833 259.019993205
201 102.910798717 390.511133509 0.988592381805 0.993150223797 0.982231132679 259.800256555 259.64890651 259.007226643
202 125.703289269 312.99872439 0.988369137763 0.993124575515 0.982517450558 259.79628048 259.647624024 259.023482636
203 161.848150436 290.868052614 0.988767571049 0.993142053467 0.982507278201 259.803253208 259.648488723 259.022801063
204 139.026805794 290.543176603 0.988240970114 0.99302956412 0.982509739773 259.793810666 259.642473295 259.022950751
205 111.567246917 356.219516265 0.98868059643 0.993147165691 0.982555835828 259.801719215 259.648753375 259.025574827
206 146.280168646 337.945921273 0.988545396759 0.992985309697 0.982355669541 259.799405541 259.640357604 259.014284293
207 241.284318393 181.835478131 0.988655893393 0.993051365098 0.982462584256 259.801303567 259.643879654 259.020287206
208 186.769128965 277.699095155 0.988844055072 0.993107620619 0.98246567399 259.804564467 259.646793426 259.020423427
209 139.507079235 324.254387269 0.982784050814 0.992990732803 0.982452669297 259.689285699 259.64101191 259.019671674
210 167.184692847 229.295638718 0.987539137941 0.993012042696 0.982513434309 259.781599936 259.642007862 259.023184664
211 211.643738125 354.919765221 0.986913732054 0.99311514214 0.982495379715 259.769936432 259.647119572 259.022122465
212 129.830216916 258.953883954 0.988530929984 0.993075450639 0.982448464956 259.799038286 259.645199339 259.019577569
213 140.789936988 260.471162741 0.988861336506 0.993107956146 0.982501653212 259.804896617 259.646830819 259.022457125
214 27.601782744 317.992892432 0.988740590754 0.993102289075 0.982512328939 259.8027583 259.646419528 259.023099984
215 118.447889433 329.315735394 0.987731964337 0.993082294946 0.982517818394 259.78450908 259.6455503 259.023391771
216 189.069281055 304.471142506 0.988392895074 0.993130232802 0.982543114424 259.796581828 259.647914783 259.024864841
217 153.39066835 256.901185221 0.988845675307 0.993070015644 0.98243132455 259.804659316 259.644746368 259.018449638
218 87.6822034369 244.840469407 0.988207629529 0.993087955151 0.982504205969 259.793401591 259.645692873 259.022665153
219 110.871932734 267.513134564 0.988791936714 0.993136619513 0.982502821543 259.803610511 259.648195933 259.022535115
220 198.001138226 211.685623174 0.988853793283 0.993040758433 0.982485033562 259.804750163 259.643520781 259.021602346
221 58.9056370014 280.836872164 0.988656363445 0.99311845207 0.982502437144 259.801169363 259.647217929 259.022584473
222 124.055194318 273.374416656 0.988829424892 0.993155849867 0.982453024884 259.804338778 259.649174973 259.01969287
223 122.151627117 372.549962991 0.988673449225 0.993141035463 0.982419566739 259.801582661 259.648417783 259.018035296
224 167.239162859 359.799131193 0.98866206147 0.993058242991 0.982491627386 259.801307567 259.644357721 259.021899786
225 224.724250356 329.967076532 0.988866737565 0.993128529675 0.982490287447 259.804984967 259.647848846 259.021801154
226 170.906068063 333.555403373 0.988813698616 0.993116590122 0.982252564486 259.804030657 259.64721028 259.008048324
227 174.491366624 273.451974823 0.988793429422 0.993134794773 0.982515874773 259.803660049 259.648097558 259.023293727
228 93.4718597318 291.241433376 0.987854475187 0.993065270919 0.982368428385 259.786947642 259.644635066 259.014703712
229 108.354494292 328.388188274 0.988674909529 0.993146663194 0.98247956098 259.801661021 259.648720893 259.021223705
230 207.264406485 240.868395969 0.988409438726 0.993049290834 0.982460882664 259.79668639 259.643775477 259.020130718
231 175.536900949 384.616093428 0.987903874972 0.993122542241 0.982502397659 259.788080927 259.647453073 259.022506892
232 120.986622459 384.843900743 0.984318840719 0.993071613882 0.982497672846 259.722678148 259.644907014 259.022320351
233 142.595655133 333.661160192 0.98728666749 0.993144727594 0.98249184306 259.776198433 259.648611721 259.021938067
234 221.305081791 286.872017469 0.988790008203 0.993163133883 0.98246779278 259.803606934 259.649578974 259.020529795
235 186.97976515 286.809148414 0.987265169955 0.993122423922 0.982480884602 259.774521542 259.647518768 259.021311291
236 137.72817918 278.074788473 0.988577413534 0.993126132083 0.982523534114 259.799917937 259.647717318 259.023730863
237 148.772391676 325.954299197 0.988161085893 0.993116280083 0.982389353575 259.792489233 259.647257202 259.016138867
238 157.557988417 226.600137401 0.988397350995 0.993044780431 0.982479655226 259.796582789 259.643695122 259.02122685
239 120.241114789 293.967593587 0.988721892685 0.99314008504 0.982523914152 259.802324591 259.648373122 259.023743401
240 124.686288726 323.031656664 0.988388076812 0.993126675435 0.982493475098 259.796778301 259.647730789 259.02211934
241 199.380181101 315.042376833 0.988342585049 0.99312941943 0.982513450311 259.795929797 259.647813226 259.02318466
242 88.7765358536 332.562849412 0.98842074189 0.993110570959 0.982492012263 259.796881446 259.646870641 259.02193025
243 108.133096628 251.292292651 0.984664658433 0.993143345607 0.982477751035 259.71915759 259.64856318 259.021102721
244 155.757388643 238.741676371 0.987690493704 0.993092575118 0.982485417727 259.783912203 259.646082814 259.021544799
245 104.202510849 214.318456913 0.988888534415 0.993134283757 0.98249524331 259.805411414 259.64809218 259.022108494
246 149.190770123 291.937874653 0.987948486542 0.99311603993 0.982490920863 259.788367536 259.647217712 259.021850207
247 186.09291597 323.633639566 0.988490035445 0.993116655092 0.982412721128 259.798313973 259.647249524 259.017571805
248 185.566404586 237.411917403 0.988880326325 0.99313271462 0.982518634248 259.805246102 259.648001514 259.023439375
249 125.49802323 277.640770725 0.988672660456 0.993093220535 0.98253483507 259.801615195 259.646113813 259.024355197
250 224.062494198 367.266436063 0.98881192964 0.993109473772 0.982418420512 259.803974315 259.646840309 259.017683329
251 228.894098085 300.325234221 0.988110289358 0.993065541792 0.982489373289 259.791337147 259.644584184 259.021806809
252 151.700578576 342.475971698 0.988589751687 0.993139818399 0.982509466729 259.800061605 259.648388768 259.022931741
253 281.298167051 213.836082434 0.988458625226 0.992946999158 0.982424254547 259.797747628 259.638818461 259.018240963
254 52.5312691092 314.698834039 0.988520612079 0.993157935329 0.982496540769 259.798814494 259.649272469 259.022191261
255 183.299220007 359.736544198 0.98859092195 0.993145539304 0.982515112355 259.800224396 259.648640928 259.023217339
256 112.48737501 298.825349002 0.988195958991 0.993151260498 0.982297314331 259.793179979 259.648963439 259.010539984
257 145.85994857 363.697348544 0.98886826567 0.993313134241 0.982493176537 259.805092047 259.657343647 259.021978609
258 51.355699709 378.59711049 0.988836073167 0.993126596401 0.982454280627 259.804498062 259.647699374 259.019780318
259 196.244721797 335.82667638 0.987200107188 0.993113935702 0.982479849457 259.775356707 259.647057399 259.021245242
260 128.324141743 307.379380755 0.983156897552 0.993100782162 0.982484374057 259.697629698 259.646451395 259.021450335
261 179.940324572 295.403213519 0.988824252735 0.993091625934 0.982553862843 259.804268567 259.645892586 259.0254773
262 146.401957647 334.291131094 0.987335992461 0.993138042024 0.982488016695 259.778404091 259.648324232 259.021709481
263 251.367647039 296.172640528 0.987558761326 0.99310804628 0.98248118659 259.781547799 259.646851098 259.02128485
264 126.077871623 313.315751779 0.98810080137 0.993123953265 0.982484237685 259.791539937 259.64754539 259.021506036
265 159.587693905 331.489391755 0.98797393001 0.993140468759 0.982511916678 259.788924089 259.648422761 259.023064568
266 150.941882495 208.16698512 0.988809351441 0.993096851311 0.982501023295 259.80396726 259.646306294 259.022409306
267 60.5991474373 353.553278229 0.988451331571 0.993121285322 0.98245246374 259.797928464 259.647422788 259.019659178
268 218.067163466 331.453539336 0.979949987288 0.993129426918 0.982504612026 259.634246185 259.647818769 259.022648497
269 106.542763619 328.122568413 0.98893799757 0.993140243921 0.982500411534 259.806283203 259.648414618 259.022383667
270 108.11741063 303.747595126 0.988876956774 0.993138092619 0.982520201267 259.805197425 259.648280353 259.023558614
271 103.509450318 367.141380332 0.988801337979 0.993047542206 0.982517181061 259.803883194 259.643926996 259.023365797
272 130.954711809 353.364065394 0.988575764397 0.993007947318 0.982480293372 259.799518085 259.641905218 259.02124169
273 53.2626368565 358.635355454 0.988620165757 0.993109572409 0.982494194253 259.800416481 259.646792862 259.022238095
274 168.943547242 379.095345058 0.972144071072 0.993157154968 0.982514528329 259.469450431 259.649239577 259.023200798
275 123.780908434 261.172413454 0.987179850918 0.993040292816 0.982510595581 259.774879831 259.643534546 259.022987584
276 122.829589429 305.135732546 0.988065501448 0.993112872001 0.982505288468 259.790811387 259.646992733 259.022637683
277 149.868720473 300.234765325 0.988627749571 0.992899695915 0.98251654334 259.80082112 259.635946758 259.023329971
278 127.136725274 294.16794877 0.988674615473 0.993123668809 0.982482746284 259.801693921 259.647548943 259.021431455
279 125.025181723 289.008640315 0.988853125693 0.993020838716 0.982484596522 259.804726184 259.642507568 259.021508256
280 185.64715667 317.752837374 0.987874046708 0.993134701532 0.982538452571 259.787129877 259.648113731 259.024635512
281 77.6093377866 336.545194415 0.98821405934 0.993135544052 0.982506713154 259.79330971 259.64816399 259.022765023
282 159.858091599 286.708674449 0.987560116987 0.992939114528 0.982509757232 259.781141405 259.638498161 259.022945066
283 114.579155635 331.901155865 0.988505697802 0.993147727806 0.982512067125 259.798424738 259.648760365 259.023216084
284 188.035725933 222.185017395 0.98869410776 0.993159434342 0.982495339557 259.801943095 259.649371718 259.02217037
285 128.623688264 357.947513586 0.988022255228 0.99311824877 0.982477288414 259.790224045 259.647291917 259.021114111
286 64.7804418548 320.860928216 0.988766354595 0.993156061296 0.982447158332 259.803216946 259.64917468 259.019331253
287 112.333547657 247.398809789 0.988486314229 0.993131671199 0.982501556863 259.798318324 259.647981661 259.022510641
288 180.564770593 270.992734231 0.988694422194 0.993154255225 0.982498917845 259.801980116 259.64909251 259.022348816
289 241.181892602 256.872251555 0.988843664786 0.993309090535 0.982200114195 259.804643836 259.657314509 259.005528555
290 224.221517715 296.945784226 0.988944416667 0.993154198606 0.982477249787 259.806408668 259.649086497 259.021096827
291 166.747236949 331.160491738 0.988016209789 0.99308891974 0.982497729747 259.789953134 259.645780941 259.02226196
292 129.557918414 286.075082185 0.988468597969 0.993149155766 0.982531909055 259.797974793 259.648817397 259.024252686
293 172.114335974 298.749736885 0.988729332539 0.993125979641 0.982510065488 259.802626347 259.647650998 259.02297632
294 231.855695564 303.731266026 0.985801848014 0.993130065253 0.982520017625 259.751470312 259.647876625 259.023526461
295 206.265431774 223.546865619 0.988058818438 0.993117208181 0.982512519533 259.791128033 259.64723963 259.023119564
296 212.840167079 316.948506707 0.988552046369 0.993113895382 0.982524207717 259.799453512 259.647088055 259.023798058
297 118.314830226 313.035624634 0.988937501985 0.993113136218 0.982488449325 259.806246047 259.647118964 259.021749227
298 129.524312908 225.742968592 0.988246926352 0.993129021949 0.982503467426 259.79394922 259.647773621 259.022597646
299 152.754069253 271.568463967 0.988497719251 0.993149763355 0.982546810353 259.798583208 259.648878554 259.025069142
300 153.388469791 280.917557178 0.985351394751 0.993139982009 0.982502939482 259.735837611 259.648399234 259.022559742
301 77.7243833659 372.316317019 0.986844361062 0.992963735508 0.982473956514 259.767152843 259.639355197 259.020890706
302 181.894935125 265.359588558 0.988405744342 0.993142435078 0.982491487446 259.796774891 259.648520397 259.021977065
303 228.614806866 312.624536393 0.988773692112 0.993118598559 0.982480823585 259.803384393 259.647301171 259.021293505
304 205.461260549 278.134374402 0.987953392286 0.993035461273 0.982542103522 259.78871723 259.643191906 259.024823479
305 219.454437062 182.296802697 0.988840792915 0.99311967116 0.982515703759 259.804538396 259.647400174 259.02328399
306 131.44292189 303.258383977 0.988566848272 0.993139913392 0.982483623752 259.799711952 259.648404329 259.021432732
307 104.748014805 350.067439357 0.988708036213 0.993110972919 0.982522563794 259.802157643 259.646860561 259.023687103
308 157.461939233 334.985240272 0.987185693533 0.993121615285 0.982497929086 259.775085438 259.647496268 259.022304604
309 129.080544539 259.557778901 0.988858496035 0.993113175046 0.982525217569 259.804844713 259.647020764 259.023820684
310 165.160027725 264.754183581 0.988657414587 0.993079507438 0.982474610751 259.801276473 259.645292797 259.020930415
311 121.557254515 262.078419895 0.9889327361 0.993142914449 0.982509620168 259.806186839 259.648503915 259.022937043
312 114.660065365 325.689907735 0.987461259333 0.993156936922 0.982530543006 259.780435548 259.649210941 259.024118159
313 216.262089994 297.556525569 0.988166147247 0.993130058121 0.982304184558 259.790971556 259.647816327 259.011658553
314 113.485454147 225.551339578 0.988632625479 0.99287604343 0.982531609612 259.800921513 259.635078849 259.024174615
315 219.07112584 332.614651653 0.988502861819 0.993175896887 0.982293760212 259.798019976 259.650075082 259.010503541
316 202.60355164 260.790714618 0.988298285724 0.993124850457 0.982474129846 259.794778685 259.647640084 259.020883967
317 143.348349135 367.430675805 0.988847098007 0.993130974538 0.982496487116 259.804624091 259.647959115 259.022204675
318 154.908419139 290.595594201 0.977664676957 0.993148536256 0.982161177681 259.583372134 259.648838422 259.003670011
319 213.351746277 243.549084172 0.988900709733 0.993184348363 0.982494010976 259.805621455 259.650583194 259.022043616
320 171.839439485 260.968486436 0.988639301897 0.993153234586 0.982370860401 259.800966217 259.649030709 259.015003661
321 292.824023279 278.656642651 0.98876497822 0.993139415006 0.982529712413 259.80307049 259.64835326 259.024094672
322 170.200963981 254.770283027 0.988818797563 0.993137330349 0.98249829687 259.804192607 259.648244358 259.022254195
323 161.015358381 244.44214262 0.988022835523 0.993133029401 0.982474410329 259.789403498 259.648056015 259.020942394
324 179.234088108 300.102386306 0.988917082972 0.993067765077 0.982491741954 259.805898824 259.644741866 259.021901335
325 212.782421291 300.934318887 0.988562920938 0.993089969483 0.982461357148 259.799596716 259.645892195 259.020266603
326 176.723921929 201.769606923 0.98888434292 0.993121572772 0.982509450985 259.805333854 259.647472769 259.02293239
327 217.750337494 279.61896267 0.988760532458 0.993142868466 0.98247530436 259.803085454 259.648529784 259.02094248
328 114.285365267 300.308046734 0.987877598017 0.993143232734 0.982510974986 259.787628512 259.648551438 259.023034161
329 164.132289242 234.865419342 0.988887631965 0.993117794167 0.982500318372 259.805377559 259.647290478 259.022392728
330 123.487051262 352.72061065 0.983678804422 0.993151179965 0.982513807773 259.708297809 259.648951026 259.023164631
331 161.039776315 342.787055937 0.988739074555 0.993111221497 0.98251963826 259.802718012 259.646976649 259.023542922
332 212.84449012 257.506309623 0.988908657616 0.993134931948 0.982255182668 259.805771513 259.648125071 259.008875151
333 234.237291616 306.297996733 0.988691374851 0.993100428626 0.982498160029 259.802015654 259.64647773 259.022278848
334 165.538037315 274.845790587 0.977649369169 0.993148041233 0.982469000472 259.585564472 259.648794209 259.020613101
335 188.079104746 198.077782412 0.988837671397 0.993143079248 0.982482120349 259.804518434 259.648540964 259.021400468
336 125.935968139 252.367359123 0.988293580491 0.993111994731 0.982451760628 259.794733815 259.646954774 259.019719822
337 243.891330363 227.525964098 0.988794533555 0.993154107784 0.982532056079 259.803699808 259.649110927 259.024190358
338 194.141130111 279.86130487 0.987866835485 0.993083435412 0.98252795379 259.787325804 259.645514546 259.023981343
339 219.101553656 328.39492645 0.985741048186 0.993130211976 0.982517468544 259.747411187 259.64789166 259.023385372
340 184.974059915 257.586527615 0.988070525227 0.993123129013 0.982486405194 259.790626999 259.647541943 259.021602033
341 95.0632338286 320.159345623 0.988812892009 0.992976887057 0.982353330623 259.804050345 259.640075296 259.014370097
342 168.335594916 303.84421122 0.988589361113 0.993158855585 0.982351225499 259.800274587 259.649341454 259.013934865
343 179.369843369 297.194117884 0.988495191654 0.993051665682 0.982485833746 259.798514183 259.643997135 259.021569473
344 195.823292263 334.567417479 0.987809538955 0.993126497366 0.982460907681 259.786319332 259.647731447 259.020154867
345 172.967152147 371.090527935 0.988856300058 0.993104942713 0.982483491991 259.804808874 259.646650351 259.021440433
346 118.663773651 358.332398672 0.987234565382 0.993083135763 0.982506434961 259.775580045 259.645541687 259.022772154
347 173.573322965 395.590190955 0.988932332849 0.993090500194 0.982508192636 259.806134368 259.645902904 259.022837693
348 36.1265899244 279.527677 0.98865813545 0.993134464261 0.982482460071 259.801313544 259.648107332 259.021397515
349 149.635203576 262.309774467 0.988955751356 0.993127128604 0.982450374523 259.806582454 259.64769142 259.019561853
350 123.581014965 358.214178324 0.988070916188 0.993114836714 0.982468047022 259.790464184 259.647086555 259.020581574
351 112.547048207 353.916002945 0.987795365635 0.99310454885 0.982532125411 259.785104994 259.646576693 259.024196445
352 162.964104886 375.877561445 0.987409084066 0.993100704103 0.982446927319 259.77906523 259.646211559 259.019507018
353 133.641826828 302.730790771 0.988442669917 0.993113758844 0.982448749909 259.797421996 259.647071877 259.019452538
354 257.621590652 286.82200765 0.988773736392 0.993109761021 0.982522657952 259.803368659 259.646849055 259.023698105
355 159.084213963 267.261925694 0.988545332317 0.993147400937 0.982486764043 259.799379934 259.64877414 259.021637386
356 188.588117169 307.443599661 0.988499193021 0.993007030445 0.982510893519 259.798247275 259.641859845 259.023008447
357 169.486333899 231.866925074 0.988524577298 0.992913270673 0.982390716628 259.798857911 259.636726087 259.016081129
358 149.071248599 294.735928393 0.987307393837 0.99314487004 0.982494978164 259.776955264 259.648615528 259.022104525
359 160.631121375 338.049778526 0.98873521753 0.993106523875 0.98244817056 259.802691108 259.646681175 259.019492465
360 107.47294631 239.188626641 0.988229954398 0.993073142486 0.982498689075 259.793816225 259.645020784 259.022298487
361 186.287781933 257.252894414 0.988910581894 0.993150587128 0.982476337174 259.805774482 259.648902145 259.021010918
362 116.436670411 236.949353476 0.988707752907 0.993162879938 0.982528783716 259.802233848 259.649525078 259.024030547
363 140.062392007 267.483266126 0.98893088829 0.993118541096 0.982482598361 259.806150464 259.647182476 259.021387668
364 164.086839911 242.697544111 0.988469202761 0.993111461222 0.982474722744 259.797870428 259.646944637 259.020943014
365 141.286100085 281.010182615 0.987724600329 0.993153535098 0.982542266938 259.784237791 259.64908272 259.024792993
366 126.55846116 345.162890221 0.988837588368 0.993191630543 0.982499702297 259.804435023 259.651097551 259.022276499
367 142.456841073 279.306303 0.98892483218 0.993079674097 0.982528463282 259.806029846 259.645274677 259.023995545
368 125.723623971 310.734429831 0.988186917143 0.993102080184 0.982513697275 259.793041066 259.646432975 259.023185382
369 116.793080899 248.840416414 0.988087294017 0.993070348219 0.982525018626 259.791556751 259.644850813 259.023774366
370 185.628490965 276.878036212 0.988536241187 0.993067796034 0.982514473328 259.799087027 259.644739981 259.023223705
371 115.934397826 309.632625502 0.988551916631 0.99285544485 0.982443133949 259.799388098 259.63405347 259.019151541
372 159.514836106 257.709122099 0.9883468811 0.993000095314 0.982492010059 259.795258035 259.641651631 259.021996623
373 146.534909459 299.413971997 0.988101077495 0.993150409547 0.982465455711 259.791122086 259.648901146 259.020413503
374 47.1913089296 237.401506213 0.987485896127 0.993108882292 0.982466950796 259.778545237 259.646910214 259.020483492
375 252.653370864 260.181050839 0.988702964007 0.993129292064 0.982477493619 259.802164014 259.647834823 259.021091759
376 234.94397952 273.339447667 0.984021577849 0.993117510756 0.982450582372 259.715942139 259.647236076 259.019601017
377 220.071686893 277.779135946 0.988303087663 0.9931401467 0.982515682348 259.79490591 259.648380903 259.023285958
378 173.867375478 331.435207231 0.988590491291 0.993125218285 0.982384993723 259.800065519 259.647651303 259.015892974
379 132.664667837 260.28373239 0.988685413485 0.993121609371 0.982340151904 259.801909702 259.647425224 259.013685446
380 137.851634858 276.396337892 0.988647060453 0.99304569257 0.982515299469 259.8011482 259.643522427 259.023246007
381 145.528116764 232.822706976 0.988694610389 0.993171289888 0.982480767436 259.801974067 259.649987753 259.021289329
382 103.249012804 214.090182309 0.98830609795 0.993143904162 0.982548398288 259.795203306 259.648595974 259.025162888
383 149.788934703 345.316981615 0.977655933439 0.993109696373 0.982489088149 259.590264881 259.646883524 259.021721229
384 130.114132211 255.244341971 0.988896564725 0.9931207881 0.982498309326 259.805522842 259.647401233 259.022288791
385 133.985250215 363.050057954 0.988817996922 0.993140429199 0.982530870787 259.804141014 259.648401181 259.024143136
386 237.066115497 300.653486439 0.988804385524 0.993118354248 0.982502754358 259.803895028 259.647287798 259.022517658
387 158.476146966 361.933773045 0.988574973639 0.993146525963 0.982493509443 259.799859087 259.648698706 259.022040853
388 169.844126287 274.936181162 0.987857259598 0.993111815997 0.982091574808 259.78672233 259.646939836 258.999716856
389 206.217225699 283.697047771 0.987546997382 0.993140461836 0.982489907458 259.779078368 259.648400167 259.021823859
390 155.842173276 210.19243926 0.988465218678 0.993116989771 0.982441652065 259.797841229 259.647163673 259.0191854
391 153.963317315 339.603783548 0.988922633849 0.993096492619 0.982460532022 259.805979822 259.646123902 259.020150029
392 121.28338413 304.29211105 0.988802065711 0.993109556687 0.982517888286 259.803872729 259.646865913 259.023407097
393 161.864131877 307.527352 0.988337120051 0.993071360124 0.982517777466 259.795508806 259.644917631 259.023428252
394 122.687755417 237.536204174 0.987140073562 0.992987626446 0.982477678051 259.774397799 259.640858551 259.021087208
395 113.835305025 305.827268092 0.988729842777 0.993124819087 0.982537258093 259.802611393 259.647640222 259.024530163
396 124.576352319 280.39507519 0.9889189109 0.993129128539 0.982508735437 259.80590956 259.647828339 259.022885136
397 31.0425022351 296.297579588 0.988703125331 0.993150867928 0.982520681531 259.802067646 259.64897168 259.023593049
398 106.532023792 279.39056765 0.988903402711 0.993111524485 0.982387049297 259.805674413 259.64699087 259.015829433
399 212.605451702 378.872762362 0.988029796079 0.992948341936 0.982520878173 259.790228796 259.638777311 259.02359773
400 232.700728109 341.761747833 0.988696344661 0.993116923483 0.982566802373 259.802006511 259.647268659 259.026213091
401 198.864637236 293.646495819 0.98710863849 0.993093685303 0.982484793162 259.772647022 259.646050178 259.021545819
402 238.762537148 203.018084711 0.988809204477 0.993149976617 0.982477478458 259.803988381 259.648899515 259.021097669
403 162.773190133 378.949882501 0.988559069223 0.993087062844 0.982426346189 259.799630681 259.645676843 259.018449597
404 154.831455551 306.970399607 0.987325802958 0.993058476392 0.982469898972 259.777320702 259.644275354 259.020666552
405 212.309815316 307.101777601 0.988863507546 0.993119583519 0.982437875947 259.804902298 259.647318962 259.018918574
406 145.488296546 334.111372859 0.987346807454 0.993138304639 0.982521988609 259.77714449 259.648278221 259.023625899
407 153.824024395 232.37732854 0.988940505407 0.993150267734 0.982481400109 259.806295437 259.648929201 259.021339154
408 92.7822826248 176.920560168 0.98875406024 0.993115312945 0.982514435933 259.802901613 259.647163486 259.023244635
409 116.193964608 261.200180678 0.988722571011 0.993147967151 0.982500540854 259.802411427 259.648756845 259.022411471
410 181.899499049 256.143330285 0.988598585761 0.993106480145 0.982403545267 259.800361764 259.646740127 259.016893002
411 158.306800761 345.336797424 0.988820664539 0.993103530054 0.982371685864 259.804154075 259.646565625 259.015186146
412 210.146433142 328.858914856 0.988589888639 0.993114245176 0.982484416276 259.80000216 259.647126846 259.021514109
413 42.0363221545 334.188170372 0.98818568087 0.993140330133 0.982533536186 259.79286417 259.648391573 259.02434632
414 126.373023905 290.946869086 0.988436798269 0.993006684146 0.982545854339 259.797358889 259.641676257 259.025033278
415 145.071488062 245.336903515 0.988706919219 0.992991530156 0.982515859861 259.802106448 259.641048094 259.023327251
416 128.593784275 329.061374717 0.987008720592 0.993132222173 0.982490407084 259.772342787 259.647998049 259.021848006
417 167.731066333 301.657396229 0.988235081707 0.99311846062 0.982512583237 259.793847142 259.647279164 259.023116526
418 222.36980379 363.767771376 0.987934063974 0.992901075443 0.982494284743 259.788116675 259.636444442 259.022079276
419 172.867551369 192.02456923 0.988676946078 0.993145977039 0.982506031713 259.801741595 259.648693237 259.022763036
420 165.969127911 340.100092456 0.988915345595 0.993110974505 0.982489149877 259.805834251 259.646908843 259.021786948
421 129.879072894 306.645757594 0.9883071943 0.993096524306 0.98251077343 259.795054998 259.646268996 259.022962359
422 77.5596800347 349.667105875 0.988638034812 0.993077310338 0.982543406467 259.800929329 259.645176815 259.024877416
423 67.916828698 286.619717118 0.98885982413 0.993134739376 0.982308900915 259.804906833 259.648125692 259.011610394
424 133.720158741 331.57379667 0.988587431591 0.993123379481 0.982511923746 259.800146819 259.647600331 259.023082941
425 27.1646569777 297.557792517 0.988589482739 0.992976337911 0.982429847277 259.80014768 259.639793771 259.018578533
426 116.768446736 360.611457747 0.988751430338 0.993029730215 0.982470795472 259.803032091 259.642804541 259.020697812
427 189.327634928 279.388654672 0.976485334535 0.99312487223 0.982538148183 259.56825857 259.64759544 259.024599216
428 148.144523168 274.234648945 0.988419263211 0.993140462512 0.982504786328 259.797146749 259.648416707 259.022664333
429 120.024424508 287.694426141 0.988931229003 0.993100622493 0.982505007357 259.806116931 259.646517718 259.022661482
430 139.058250646 285.567059314 0.988600882998 0.993119892025 0.982498967025 259.800277238 259.647348597 259.02245605
431 150.339036991 327.884434256 0.98801087699 0.993115235803 0.982362557884 259.789913374 259.647081118 259.015069038
432 100.631444732 328.685734796 0.988864189381 0.9931480172 0.98248911338 259.804932592 259.648746649 259.021799628
433 115.420882864 244.570586475 0.988720281332 0.993116504468 0.982498908643 259.802528327 259.647215909 259.022305609
434 130.315001238 265.852855319 0.988764761079 0.993069508463 0.982500221669 259.803230603 259.64490473 259.02238881
435 186.899118562 380.366277464 0.987229776 0.99302711422 0.982531306863 259.776398639 259.642648654 259.024190715
436 109.018568205 257.943251817 0.987997593254 0.993113486798 0.98251345148 259.789682208 259.647088385 259.023156996
437 158.469702422 197.031789053 0.986845559427 0.993141838793 0.982520987216 259.768903524 259.648470775 259.023604311
438 79.9761354088 257.261200685 0.988648898733 0.993093760681 0.982522919273 259.801197799 259.646077496 259.02370923
439 185.204138323 223.352701892 0.987017014615 0.993134772639 0.982521407254 259.772101927 259.648108551 259.023596641
440 118.803618054 299.845235571 0.988559112743 0.993117886387 0.982478203147 259.799680777 259.647248484 259.021103307
441 123.847353808 293.21685127 0.988569446872 0.993043203343 0.982499195492 259.799891248 259.6434159 259.02231495
442 45.5293960598 378.686815379 0.988905512668 0.993098120441 0.982644382238 259.805641755 259.646224 259.030628462
443 153.29902128 340.971875524 0.988973888463 0.993168378765 0.982548897536 259.806898915 259.649810076 259.025216069
444 131.944929287 357.786800836 0.988992507271 0.993138422721 0.982510452561 259.807228292 259.648284972 259.022971101
445 229.193361416 357.890676746 0.988767552566 0.993150806271 0.982521273749 259.803306426 259.648951131 259.023638661
446 168.775151695 230.567736709 0.987647490086 0.993053349008 0.982509739542 259.783462251 259.643852495 259.022938098
447 99.7607487894 333.025563228 0.988760480841 0.993143441623 0.982557697552 259.803103689 259.648572694 259.025691963
448 172.159169054 277.8622446 0.988946597158 0.993148604321 0.982449266095 259.806406595 259.648873162 259.019531043
449 190.310887968 351.551661838 0.988899732641 0.993067871582 0.982525881342 259.805578867 259.644636793 259.023852321
450 164.482405176 279.721016275 0.987586531111 0.993149774449 0.982530397241 259.782613224 259.648892432 259.024118893
451 167.492742955 332.983488846 0.986285804789 0.993126159395 0.982531959179 259.757827192 259.64771437 259.02422679
452 206.192132578 315.479067709 0.988525498244 0.993116515193 0.982472875084 259.7989172 259.647067711 259.02092309
453 198.500872395 263.108337469 0.988827203172 0.993133661868 0.982462521245 259.804321507 259.648050471 259.020378089
454 155.272589088 336.168147615 0.986318973494 0.993131727806 0.982489301782 259.759237456 259.647969725 259.021762408
455 52.1412651967 304.069984047 0.988518369712 0.993114193815 0.982520705682 259.798862972 259.647070357 259.023550554
456 120.193904678 353.570341024 0.988706937812 0.993135988801 0.982529575061 259.801981136 259.648147293 259.024077081
457 171.878886266 313.758938691 0.987529556713 0.993107994132 0.982547600741 259.781632659 259.646790022 259.025086309
458 134.114245439 325.273596345 0.98857635165 0.993075249626 0.982504325384 259.799913687 259.644973336 259.022644357
459 271.037120025 259.972763065 0.988583932492 0.993150892351 0.98253847191 259.799886971 259.648938283 259.024612952
460 125.366205438 274.780869551 0.98858759282 0.99306808588 0.982490642865 259.80001087 259.644823986 259.021851232
461 202.212326043 358.025433117 0.988914813644 0.993132340108 0.982449225513 259.805880057 259.648005839 259.019545564
462 209.914052427 315.106583198 0.988560643221 0.993128867471 0.982512392973 259.799555134 259.647828181 259.023105717
463 177.652893131 343.380188292 0.988447740553 0.993033500975 0.982508816265 259.797664884 259.643133144 259.022894069
464 189.777158344 345.383215315 0.987785616877 0.99298864658 0.982509111532 259.784599434 259.640381667 259.022915602
465 165.060670922 264.386668345 0.988827916875 0.993115810497 0.982473873961 259.804309967 259.647173967 259.020899755
466 140.035789406 338.521633399 0.988842511338 0.99314052767 0.982473341268 259.804592845 259.648401336 259.020858265
467 107.117800661 225.173701543 0.988480740422 0.993034052654 0.982300179481 259.798479946 259.643001334 259.010817481
468 115.048807317 262.461104696 0.988826156075 0.99313497112 0.982476026771 259.804260219 259.648127187 259.021023793
469 130.021310006 336.08022884 0.988586614596 0.993079072736 0.982518613177 259.800188665 259.645426492 259.023471292
470 211.1653617 265.519572843 0.988512230408 0.993119647896 0.982507024304 259.798681336 259.647369593 259.022769429
471 93.3229969552 249.259223357 0.987752635459 0.99305603552 0.982503775365 259.784110541 259.644246647 259.022586836
472 147.155309973 282.020220854 0.987483797303 0.993146790427 0.982470692417 259.779032985 259.648737958 259.020763677
473 146.515206569 364.321051025 0.988686426191 0.993111167905 0.982708417409 259.801877939 259.6468468 259.033746511
474 207.88109123 262.523420206 0.988954185355 0.993133750234 0.982510770116 259.806566902 259.648060252 259.023016985
475 206.711072512 333.031929223 0.988732389686 0.993132267113 0.982545479908 259.80263565 259.647945395 259.024970085
476 79.8196539128 367.071534322 0.988688166012 0.993140165967 0.982488234497 259.801828398 259.648386613 259.021688741
477 216.087500213 326.344768908 0.988633261107 0.993126586351 0.982513604111 259.80075681 259.647710645 259.023144257
478 82.6061715228 318.074438024 0.988782863322 0.993031191239 0.982518845051 259.803492151 259.642806429 259.023429531
479 104.297848815 271.118956967 0.988741567303 0.993138618803 0.982533131321 259.802759189 259.648330753 259.024316774
480 151.328571248 265.860365065 0.988647237856 0.993107040442 0.982545537636 259.801062282 259.6466653 259.024981884
481 221.805190345 287.64621955 0.987816574518 0.993142455537 0.982475311745 259.786184294 259.648472937 259.020992311
482 115.189919587 327.72149157 0.984168114463 0.993086456564 0.982484095465 259.72020317 259.645577062 259.021503495
483 140.312282841 248.178569349 0.987237846925 0.993132680714 0.982493230057 259.776593959 259.64805008 259.022008463
484 143.627616621 273.169209541 0.98891360731 0.993160531939 0.982505677523 259.805822931 259.649411425 259.022781844
485 88.9033254877 278.313403728 0.988773372972 0.993088171273 0.982520319421 259.803426433 259.645712274 259.023551331
486 167.695740322 262.038676155 0.988846673431 0.993138560808 0.982464625365 259.804619581 259.64827415 259.020549381
487 186.73784399 417.964848978 0.988159859125 0.99310729093 0.982495631791 259.7924074 259.646726015 259.022217216
488 113.51156552 232.388376043 0.988233178513 0.993094695327 0.982510206285 259.793644513 259.646061854 259.022926711
489 160.899547949 326.887348552 0.988674740661 0.993152255753 0.982533113416 259.801536524 259.649004214 259.024271667
490 195.402938513 319.653765422 0.988856124915 0.99312595523 0.98250005157 259.80485024 259.647729715 259.022407268
491 147.041251699 273.127941909 0.98895205687 0.993108914008 0.982524785097 259.806532412 259.646903634 259.023777151
492 149.569453849 450.824234968 0.988681491758 0.993115659927 0.982531567988 259.801735673 259.647111762 259.024177675
493 191.702701381 339.713839615 0.988792862772 0.993151452301 0.982528013147 259.803722787 259.648973468 259.02401492
494 164.182180654 400.273158213 0.988929565259 0.993106861003 0.982549764289 259.806089379 259.646663097 259.025245592
495 140.294006173 373.031060531 0.988241483935 0.992889310698 0.982491363489 259.794055718 259.635321678 259.0219148
496 115.078793907 307.222119733 0.976261605025 0.993108989903 0.982877068381 259.563200241 259.646803348 259.044047472
497 133.825839274 300.720184794 0.986885435576 0.993079858461 0.982552558332 259.768813934 259.645252506 259.025387153
498 169.399558676 258.40237015 0.988524681574 0.99286077619 0.982496819983 259.798722914 259.634598492 259.022205104
499 191.422033234 332.133036658 0.987475299508 0.993158418802 0.982520525573 259.780585753 259.649332439 259.023571781
