0 125.90308518 317.752616449 0.997836542505 0.998704992587 0.996215868443 259.962269342 259.933692781 259.789362673
1 156.526111373 368.698614027 0.997503398545 0.998705258009 0.996207321953 259.956510244 259.933685244 259.788887953
2 165.901562656 323.956062119 0.997550341152 0.998709088628 0.996228573259 259.957411818 259.933885128 259.790074268
3 87.5415467637 247.476431383 0.997794547283 0.998704853586 0.996208998367 259.961527965 259.933680068 259.788993268
4 173.512881506 301.050838784 0.997730479687 0.998706009716 0.996223635969 259.960390419 259.933725293 259.789787438
5 179.366701253 400.113711476 0.997799873073 0.998703934498 0.996221142253 259.96161337 259.933627594 259.789657544
6 121.29692252 338.286706718 0.997694818233 0.99870860864 0.996220538605 259.959738735 259.933862251 259.789626794
7 184.516387254 306.377753373 0.997787531667 0.998709337692 0.996211527286 259.961412596 259.933892489 259.789128649
8 154.157704496 288.116564669 0.997720143438 0.998700205859 0.996224186054 259.960243581 259.933437946 259.78983629
9 121.670681375 416.810980976 0.99782215777 0.998707306326 0.996213238675 259.962025318 259.933808111 259.78920369
10 136.8321813 291.991155783 0.997826871307 0.99866405503 0.996215389579 259.962097248 259.931709998 259.789338926
11 212.250839092 359.132280275 0.997711678647 0.998707879715 0.996217584346 259.96006297 259.933815425 259.789450084
12 165.457145438 332.862518484 0.997776840619 0.998637592471 0.996217933009 259.961217132 259.930205467 259.789479338
13 157.099598149 287.799401581 0.997737220434 0.998709211138 0.996214504022 259.960540437 259.933890376 259.789280062
14 68.4641197267 337.877922031 0.997620935039 0.99870899725 0.996210220379 259.958516443 259.933878617 259.789048226
15 182.222501907 377.69082701 0.997724430751 0.998703489686 0.996213714196 259.960272457 259.933593243 259.789237902
16 159.707283191 341.645482983 0.997782350088 0.998705022733 0.996215282683 259.961340309 259.933695873 259.789326481
17 269.545829958 345.70539008 0.997666875066 0.998690956099 0.996215150314 259.959296776 259.932985653 259.789312608
18 96.631404841 403.993297752 0.997739447336 0.998675469499 0.996219524199 259.960551763 259.932151571 259.789562723
19 168.47837535 312.768777927 0.997831630647 0.998708340079 0.996221374999 259.962185055 259.933850259 259.789665842
20 234.602703017 344.18674138 0.997736004379 0.998700512761 0.9962303008 259.960565122 259.933440996 259.790183412
21 195.262399113 382.470210547 0.997009239736 0.998702227471 0.996226836598 259.94732023 259.933532108 259.78997676
22 127.4756957 203.508047919 0.997431415367 0.998704631258 0.995915823809 259.955198663 259.933675022 259.772460463
23 85.7042736967 238.483567847 0.997736710537 0.998669783275 0.996222614878 259.960504006 259.931892571 259.789735099
24 208.88194709 377.969319977 0.997729458553 0.998707265591 0.996219170231 259.960437513 259.93379763 259.789541367
25 225.196266021 331.382571829 0.997607367675 0.998695535679 0.996163391526 259.95816886 259.933211289 259.786498375
26 213.91507304 283.533599941 0.997369139056 0.998714781669 0.996220753709 259.954148347 259.934174368 259.78962836
27 155.021026117 364.196362281 0.997205552381 0.998707401119 0.996221164713 259.950730126 259.933790597 259.789658089
28 108.104345402 171.233294209 0.997752439083 0.998697230804 0.996220964171 259.960784505 259.933292764 259.78964865
29 111.787261449 199.681630755 0.997825124976 0.998625665843 0.996217373949 259.962070208 259.929692443 259.789438929
30 107.825354177 297.428208289 0.997795702743 0.998690957538 0.996217488432 259.961529858 259.932985458 259.789448017
31 161.990331185 382.868184923 0.993188924265 0.998702602045 0.996183438437 259.879429113 259.93355565 259.787632768
32 195.045960216 332.770902279 0.997373843783 0.998695307329 0.996214658436 259.954107323 259.933164282 259.789293929
33 152.15062396 345.060109004 0.997796397904 0.998628505118 0.996223071143 259.961569669 259.929818451 259.789766721
34 133.200646547 350.219398955 0.997219609901 0.998707090382 0.996221969768 259.951077248 259.933793057 259.78970358
35 194.264261851 299.07100904 0.997834140782 0.998701424797 0.996202663988 259.962232106 259.933522068 259.788615569
36 200.643620109 284.936671754 0.997764331945 0.998696861319 0.996187857914 259.961002444 259.933245484 259.787811067
37 190.869800274 217.370750349 0.997697307867 0.9987126501 0.996228386651 259.959810011 259.934068439 259.790075571
38 156.590660881 343.684600308 0.99783622525 0.998670152373 0.996213920436 259.962268291 259.931914623 259.789242546
39 141.111470348 335.686945569 0.995154594871 0.998680633021 0.996212366547 259.915180128 259.932456922 259.789160339
40 170.268983097 256.837083674 0.997777757415 0.998707849267 0.996218837006 259.961234769 259.93383287 259.789522314
41 165.835265836 213.676007595 0.99780477968 0.998707163719 0.996220833742 259.96170044 259.933784499 259.789627299
42 176.257394497 212.186852092 0.997520544643 0.998681960269 0.996212804677 259.956504372 259.932571125 259.789185847
43 137.298072824 322.624367494 0.997712268717 0.998704607549 0.996225309363 259.960108726 259.933656929 259.789891131
44 85.5986834906 328.39551964 0.997528448133 0.998699657209 0.996222455607 259.956890034 259.933394378 259.7897403
45 117.09423451 312.466467618 0.997682464061 0.998685688992 0.996227833042 259.959503429 259.932687675 259.790030972
46 140.988066641 356.833676582 0.995521231769 0.998677006241 0.996227758807 259.919982044 259.932230837 259.79003418
47 177.304970555 367.358602844 0.997772586405 0.998707242543 0.996209076636 259.961137442 259.933793127 259.788973557
48 226.011450711 340.438588335 0.997655903077 0.998702203203 0.996216437775 259.959152348 259.933528979 259.789400364
49 111.76079678 335.598994854 0.997820282803 0.998597339783 0.996226754607 259.961988528 259.928043727 259.789970205
50 271.890240258 235.466012054 0.996889314031 0.99870093761 0.996222725393 259.945427651 259.933482534 259.789746758
51 214.436976841 198.558189595 0.997304908673 0.998707807529 0.996223054311 259.95275571 259.933819327 259.789758415
52 87.0060907665 304.431448481 0.99659102532 0.998705718192 0.996223489782 259.939823558 259.933714524 259.789795675
53 69.5812474992 309.378087557 0.997782400473 0.998703495536 0.996227734666 259.961303627 259.933606544 259.790032135
54 215.007008324 317.11504393 0.997825286221 0.998705674846 0.996229616686 259.962073382 259.933719674 259.790136052
55 187.827174624 341.699295693 0.997580848193 0.998701905086 0.996213861241 259.957822963 259.933519182 259.789235692
56 120.837051839 243.421653892 0.997803578689 0.998695597062 0.996216551374 259.961690259 259.933218667 259.789396554
57 170.481714703 262.49665837 0.997842615726 0.998694219962 0.996221545362 259.962377483 259.933144434 259.789683555
58 181.009041898 185.609550376 0.997826472323 0.998710943242 0.996213297587 259.962093141 259.933979728 259.789205447
59 238.34084612 251.010190248 0.997788236903 0.998706553464 0.996218306354 259.961421613 259.93375934 259.789491623
60 122.560090814 297.260464877 0.997778330846 0.998705448211 0.99621692578 259.961259931 259.933703663 259.789410144
61 147.377932424 318.551061935 0.997791511236 0.998709624985 0.996216160571 259.961471393 259.933915305 259.789375323
62 189.398480334 339.305135752 0.997781075206 0.998669273591 0.996224780262 259.961300047 259.931805159 259.789856804
63 120.897453603 324.819922025 0.997807749034 0.998712220345 0.996114985162 259.961766277 259.934041762 259.783899561
64 113.922772726 259.209126111 0.997686570783 0.998680778743 0.996221977954 259.959629729 259.932434633 259.789708198
65 134.323565701 266.932372147 0.997808478324 0.998698546558 0.996216856703 259.961773196 259.933332744 259.789426227
66 140.538614525 338.508674656 0.997364130669 0.998666346762 0.996225266485 259.95361161 259.931719754 259.789893853
67 165.153281273 210.02970855 0.997730422071 0.998707746504 0.996214870473 259.960456678 259.9338093 259.789294504
68 180.148924817 227.151250299 0.997800364792 0.998694673771 0.996229188632 259.961644767 259.933127072 259.790114044
69 163.474884167 286.745461353 0.997766963203 0.998695875946 0.996226649608 259.961072693 259.933220178 259.789968424
70 102.622649083 266.375787083 0.997815391507 0.998708936465 0.996220433447 259.961899886 259.933878904 259.789621267
71 170.811080028 354.745779838 0.992561562791 0.998704068773 0.996226255184 259.862894515 259.933623253 259.789946871
72 60.1796821588 360.689448054 0.997780523998 0.998713345191 0.996218355616 259.96127571 259.934101055 259.789503627
73 163.724519306 286.385627596 0.997663875548 0.998704323152 0.996211137663 259.959270763 259.933636416 259.789082252
74 137.859984211 297.928306558 0.997037135814 0.998710471793 0.996213285642 259.948072607 259.93394918 259.78921363
75 132.825469953 300.892140748 0.997736493158 0.99870779343 0.996218005304 259.960541406 259.933822602 259.789476035
76 85.7940068126 305.625593332 0.997793737852 0.998703909642 0.996143468585 259.961516842 259.933623821 259.785365359
77 126.670424252 222.888450495 0.997787504759 0.998697064021 0.996219467197 259.961416498 259.933295987 259.789561418
78 91.267857297 297.020325609 0.997691890809 0.99870910702 0.996209993264 259.959719939 259.933891559 259.789021604
79 164.613724592 288.420626782 0.99779833362 0.998700836553 0.996216032418 259.961594748 259.933460049 259.789364566
80 134.347454604 241.535752634 0.997741863437 0.998708976179 0.996217768062 259.96058329 259.933886026 259.789470214
81 143.621396863 251.139449379 0.997791075493 0.998706410282 0.996227470015 259.961478656 259.933755559 259.790012923
82 78.7739440433 297.681914843 0.997801343964 0.998706462196 0.996222418113 259.961662312 259.933753609 259.789730871
83 108.647578676 380.310755209 0.997829621258 0.998567882967 0.996222816178 259.962146858 259.92685151 259.789756229
84 157.616393448 224.509575791 0.997773390574 0.998624885829 0.996225861848 259.961169247 259.92950614 259.789927296
85 134.349224698 324.603010088 0.997485648332 0.998708766614 0.996224986038 259.956057035 259.933872324 259.789869378
86 149.178891163 282.039763683 0.99777308145 0.998705442115 0.996094564173 259.96114657 259.933697561 259.782640851
87 198.420771435 315.318461155 0.99782058594 0.998698675211 0.996224400112 259.961989132 259.933366769 259.78984247
88 156.775117949 305.775606278 0.997073286559 0.998694786819 0.996213408711 259.94856787 259.93313546 259.789224213
89 183.717809291 313.359372864 0.997808042391 0.998710797262 0.996223475579 259.961784685 259.933965783 259.789789584
90 122.09377455 286.558469589 0.997382840285 0.998701548714 0.996217215105 259.954246105 259.933502654 259.789433227
91 89.7343535453 385.250565702 0.994450218236 0.9987076303 0.996222481079 259.903050206 259.933813497 259.789738431
92 143.105519673 314.021515927 0.997687986092 0.998706175867 0.996219974106 259.959740779 259.933735372 259.789601401
93 206.179776639 343.2573419 0.997821565199 0.998712442037 0.99619663261 259.962008372 259.934058864 259.788279891
94 131.638023015 363.588932078 0.997804284437 0.998701954416 0.996213157983 259.961694453 259.933524992 259.789204018
95 157.006450736 400.789643387 0.99747276699 0.998712672709 0.996216517704 259.955940588 259.934066777 259.789401551
96 143.344719644 158.633984102 0.997813690091 0.998709124086 0.996178738708 259.961861187 259.933891092 259.787262238
97 71.3168321604 269.046270708 0.9977926467 0.998695789705 0.996225899402 259.96150615 259.933216608 259.789918819
98 169.396293605 369.172533486 0.997819824127 0.998692914401 0.996221938517 259.96197886 259.933077476 259.789700062
99 108.876025322 314.399993038 0.997773544441 0.998710979112 0.996219111108 259.961155224 259.93397892 259.789542341
100 190.739276638 381.068332869 0.997642684867 0.998709499446 0.996222996079 259.958873726 259.933914296 259.789768471
101 189.056551748 246.052431208 0.990666409778 0.998706592494 0.996223779592 259.827507823 259.933758762 259.789807495
102 109.447600757 312.77136181 0.997773869165 0.998701085988 0.996209573961 259.961165512 259.93347575 259.789005128
103 123.154918423 396.980273647 0.997661191918 0.9986628157 0.996218876677 259.95922986 259.931517646 259.78954388
104 187.760191084 256.779381216 0.997744952139 0.998710442928 0.996209321521 259.960676013 259.93395689 259.788998456
105 118.825664299 393.896423667 0.997803987006 0.998709046514 0.996222405974 259.961699826 259.93388311 259.789733563
106 186.073142439 385.097014825 0.997800612227 0.998691355768 0.996218779742 259.961634102 259.932966968 259.789526207
107 150.976136199 305.0451932 0.997796863669 0.998702453726 0.996223423212 259.961575468 259.933543798 259.789792509
108 182.229755438 250.266071214 0.99769240881 0.998649506331 0.996220055656 259.959779143 259.930902124 259.789597738
109 168.010761694 287.31902857 0.997822606487 0.998700300218 0.996210117828 259.962025471 259.933433332 259.789014939
110 153.011100071 286.922024777 0.997768275905 0.998652731427 0.996215668206 259.961102214 259.930917926 259.789347213
111 34.7602403097 317.425118043 0.99781476453 0.998704671164 0.996217264727 259.961876444 259.93365463 259.789442032
112 220.505663897 217.891295449 0.997781689091 0.998688569745 0.996215982623 259.961315299 259.932828886 259.789365246
113 144.946378915 329.501335315 0.997721349375 0.99871473449 0.996219758336 259.960184635 259.934169101 259.789579146
114 187.049248747 262.70144492 0.997601855257 0.998704542188 0.996216537695 259.958117764 259.933649429 259.789403783
115 137.699914165 369.045877505 0.996791639754 0.998700835196 0.996223526544 259.943336464 259.933472815 259.789808406
116 191.230322876 317.201949007 0.99721062419 0.998700913733 0.996217939588 259.951176101 259.933474978 259.789467189
117 214.990544461 381.596857014 0.99754136125 0.998703928489 0.996199436299 259.957126631 259.933626782 259.788471181
118 248.587277157 360.403244954 0.997805816808 0.998713038515 0.996214118722 259.961732664 259.934086781 259.789254899
119 289.504360953 256.100742268 0.997764265583 0.998709609729 0.996289455949 259.960981919 259.933907603 259.793464585
120 96.7912716061 327.811262374 0.99745152467 0.998711232083 0.996213120552 259.955113494 259.933998456 259.789212502
121 162.525922416 281.953186931 0.997797508232 0.998704687957 0.99623133471 259.961574869 259.933664965 259.790229055
122 135.673875456 376.862226985 0.997815182049 0.998711007198 0.996212114548 259.961894763 259.933979285 259.789143772
123 199.131685626 377.044044331 0.992029602671 0.998682286816 0.996213839489 259.861075727 259.932532416 259.789251117
124 120.876311118 385.723509779 0.997797536986 0.998704813731 0.996207229997 259.961575705 259.933681048 259.788867742
125 125.307362849 312.934455307 0.997737104141 0.998687714993 0.995934373012 259.960590478 259.932792175 259.773333302
126 118.210009206 252.211329699 0.997754347827 0.998698319169 0.996221577468 259.960858289 259.933325515 259.789702694
127 45.2850623155 347.589140213 0.992947346132 0.998703175332 0.996096520028 259.872034704 259.933588984 259.782590684
128 118.887457967 314.122971231 0.997681770768 0.998706981316 0.996112881325 259.959550459 259.93377552 259.783400171
129 126.013181758 291.880378525 0.997822651619 0.998714330878 0.996222423971 259.962014894 259.934152202 259.789737773
130 177.490648106 252.905931771 0.997809122316 0.998704132887 0.996232645151 259.961797577 259.933628581 259.790313695
131 214.292329107 300.813747882 0.997803384516 0.998705692624 0.996197266168 259.961701268 259.933712704 259.788330143
132 239.711607164 327.369678796 0.997737846798 0.998563260449 0.996172587936 259.960556962 259.926230063 259.786900219
133 182.774708572 368.704653186 0.997812175075 0.998700116876 0.996167384938 259.961852002 259.933440187 259.78663458
134 54.8856103949 360.573260914 0.996353533334 0.998707182205 0.99616829204 259.935241165 259.933791373 259.786611638
135 92.7320543794 323.449090676 0.99733947529 0.998690176134 0.99620237588 259.953261795 259.932932175 259.788577788
136 169.234386905 204.926403852 0.99452607083 0.998701669568 0.996197696891 259.902956453 259.93351324 259.788333929
137 82.1025840459 287.416209131 0.997784302499 0.998697495913 0.996214620199 259.961356477 259.933324663 259.789292541
138 224.76314634 282.49252621 0.997476022465 0.998703084422 0.996173956166 259.955890143 259.93357997 259.787069658
139 228.40875316 322.986769803 0.997687423604 0.998707175489 0.996208973788 259.95967126 259.933790994 259.788975723
140 274.040615947 414.577318579 0.996876891067 0.998684143817 0.996217494773 259.945533022 259.932623711 259.789455242
141 166.64425201 272.171216782 0.997807388454 0.998712475361 0.996219905172 259.961748953 259.93406178 259.789577663
142 86.3066344704 370.972985942 0.997514388592 0.998701273528 0.996222090582 259.956618935 259.933476829 259.789707392
143 195.507697734 259.533132902 0.997579126969 0.998707310214 0.99621045587 259.957667771 259.933790485 259.789053817
144 150.505551028 376.893387351 0.997825218412 0.998707877854 0.996222055656 259.962070487 259.933829573 259.78971421
145 218.980815817 299.152120299 0.997075301741 0.998676153721 0.996231382047 259.948886745 259.932207955 259.790235371
146 155.175514691 365.729640196 0.997486997423 0.998689530918 0.996221331353 259.955984558 259.932920523 259.789670019
147 89.6945767106 426.149186647 0.997633973519 0.998700461816 0.996214572951 259.958644409 259.933450496 259.789280532
148 136.80461123 294.754336356 0.997795964113 0.998708216221 0.996196907151 259.961575075 259.933839386 259.78837954
149 114.169442811 284.072250454 0.997686246997 0.998708748944 0.99621543961 259.959630307 259.933872607 259.789345343
150 159.694955728 331.961354495 0.997640031169 0.998705396471 0.996212184321 259.958824935 259.93370499 259.789187044
151 276.220707482 345.571800206 0.997829778848 0.99869933442 0.996212923942 259.962153695 259.933400964 259.789189714
152 133.615011899 316.937715121 0.997765696296 0.998707657763 0.99620489824 259.961006315 259.933804594 259.788754431
153 162.808740062 358.523793701 0.997819584805 0.998707155398 0.996187882684 259.961969844 259.933788739 259.787838193
154 277.77956147 352.533963261 0.997705731047 0.998687826387 0.996222369424 259.959922008 259.932809352 259.789731219
155 172.603649801 418.31223459 0.997743332428 0.998678582635 0.996215048607 259.960663856 259.932410087 259.789330498
156 126.050416387 252.493053103 0.993226049147 0.998705084969 0.996216656629 259.880828157 259.933685436 259.789410291
157 87.4322093876 242.17204238 0.99779600272 0.99870468051 0.99617029146 259.961561732 259.933661828 259.786750169
158 189.508860587 275.09747685 0.997726287072 0.998712482955 0.996222171617 259.960352782 259.934059291 259.789714571
159 143.407020709 380.391739952 0.997823260708 0.998706122395 0.996208188345 259.962036805 259.933731104 259.788914496
160 137.461879286 273.833546597 0.997798115967 0.99870201345 0.996206887351 259.961607564 259.933533516 259.788848654
161 197.706820752 347.449021789 0.997751497226 0.998701325211 0.996165496164 259.960777468 259.933488755 259.786556589
162 101.543509556 260.115479293 0.99680123183 0.998690614484 0.996221335405 259.944342109 259.932952216 259.789664672
163 230.680762283 336.096571228 0.997790131024 0.99871204831 0.996227990395 259.961460003 259.934035326 259.790042872
164 187.520680035 379.582521601 0.997722306074 0.998698358023 0.996219290336 259.960160194 259.933330521 259.789548034
165 134.934023179 196.454201661 0.997819977104 0.998711270222 0.996219992034 259.96197461 259.933996086 259.789588504
166 174.946849845 299.366151025 0.997698942227 0.998707179738 0.996219925807 259.959834081 259.933797376 259.789582261
167 168.868785265 341.65247902 0.997765391179 0.998704000028 0.996224444067 259.961014335 259.933635507 259.789839177
168 270.728814135 329.595329766 0.997783123499 0.998704611638 0.996210096571 259.961311325 259.933644085 259.789031485
169 172.55517228 249.491429635 0.997747259999 0.998709744793 0.996220691314 259.960695607 259.933918849 259.789629974
170 227.47151163 422.739536578 0.997724801513 0.998709521693 0.996204148042 259.960336158 259.933907044 259.788691378
171 143.90826944 323.041748095 0.996744734062 0.998699601715 0.996222214336 259.943028523 259.933416478 259.789716264
172 160.452730647 381.06155973 0.997751974773 0.998656075867 0.996234388329 259.960798634 259.931099469 259.790419597
173 218.463549793 349.020895123 0.997797020236 0.998689184681 0.996148311233 259.961595206 259.932843075 259.785759271
174 142.329214578 292.759733277 0.997829341618 0.998706290398 0.996219583697 259.962135835 259.933738903 259.789572471
175 134.179650328 351.690967507 0.997787003628 0.998702260921 0.996213708909 259.961388116 259.933542815 259.789248485
176 161.306508489 266.482267482 0.997787967029 0.998713174006 0.996232180543 259.961409781 259.934091218 259.790286453
177 86.6453507367 333.648125143 0.997616849472 0.998694883168 0.996206145104 259.958362081 259.933165565 259.788829146
178 147.655929944 365.559079002 0.987004142066 0.998697000051 0.99621592562 259.759933146 259.933264498 259.789362043
179 16.4640768079 275.831434347 0.997789940128 0.998708117967 0.996210837928 259.961464378 259.933830528 259.789086013
180 172.670472189 227.435883111 0.997747459836 0.998699278098 0.996220477473 259.960689726 259.933406638 259.789620627
181 145.03221122 373.874184982 0.997818732074 0.998700414229 0.996219266396 259.961951576 259.933450045 259.789547531
182 112.089755986 249.00285109 0.994191379754 0.99870418439 0.996212287115 259.897783011 259.933640259 259.789156662
183 152.256856295 301.480665351 0.997659844089 0.998710951746 0.996216718356 259.959178321 259.93398212 259.789406774
184 136.961138027 351.209786539 0.997794937543 0.998706186537 0.996211823919 259.961559819 259.933739055 259.789132258
185 173.866868591 242.431642447 0.997813769664 0.998654511705 0.996232816579 259.961869723 259.931058588 259.790324432
186 18.6927106491 324.102522498 0.991568714604 0.998696564075 0.996217493086 259.850464105 259.933224911 259.789458448
187 103.929217588 219.584901246 0.997793468739 0.998705555684 0.99622622971 259.961512271 259.933707369 259.789949458
188 102.848002232 298.546765158 0.99703032646 0.998711020427 0.996217067502 259.948051855 259.933974622 259.789442698
189 99.5396173921 300.457253269 0.996512682565 0.998692589319 0.996224353138 259.938549334 259.933077859 259.789834708
190 195.632304723 356.428247587 0.997813489495 0.998672881341 0.99620876561 259.961874625 259.932096774 259.78898418
191 106.197136188 278.256029437 0.997674024453 0.998698957692 0.996200984033 259.959382709 259.933370658 259.788551845
192 163.703999236 357.867902161 0.997757028185 0.998709547761 0.996215952481 259.960903455 259.933919515 259.78937129
193 156.526176739 306.173961417 0.997767272091 0.998684615778 0.996214623824 259.961061311 259.932677629 259.78928945
194 185.397628239 203.226406694 0.997710470331 0.998711313893 0.996220957327 259.960022559 259.933994844 259.789645479
195 149.752397056 274.788256392 0.997346278555 0.998708968631 0.996069411638 259.953612288 259.933876843 259.781179484
196 130.568251993 255.994954744 0.997808085425 0.998693487817 0.996232683523 259.961766148 259.933112816 259.790311569
197 75.6087291097 377.341369946 0.997786173115 0.998704726359 0.996215379089 259.961385394 259.933659876 259.789329511
198 132.165067059 271.191866694 0.997779150108 0.998706483147 0.99621766267 259.961247227 259.933760047 259.789460671
199 119.399311895 363.023476179 0.997816117055 0.998708715775 0.996227547896 259.961909684 259.933866064 259.790017174
200 144.961603702 333.915323052 0.997696436801 0.998699130064 0.996215453147 259.959800687 259.933385233 259.789347287
201 70.34621689 322.142672894 0.997813520084 0.998706637077 0.996216929458 259.96187275 259.933757328 259.78941634
202 234.008205498 254.449000745 0.997415824341 0.998704992634 0.996226840029 259.955197116 259.933667035 259.789982398
203 93.7648091134 315.335222107 0.997794672949 0.998701409812 0.996227447531 259.961562263 259.933507866 259.790017228
204 121.999803478 247.041382912 0.997650263498 0.998708179243 0.996213589994 259.958983545 259.933849664 259.789229169
205 206.501889866 271.291160444 0.995040934827 0.998704625605 0.996219357643 259.912491319 259.933668665 259.789571538
206 128.376701871 356.628419659 0.997708289213 0.998700010679 0.996230416639 259.960029916 259.93342496 259.790186589
207 175.181245704 211.732818336 0.997547805821 0.998707773448 0.996217010596 259.957327885 259.933807048 259.789423188
208 263.98265453 355.276987548 0.997785183794 0.998699546093 0.996215603723 259.961354359 259.933398936 259.78934418
209 132.227587464 318.778481139 0.997804194672 0.998673302294 0.995921099344 259.961704989 259.932101248 259.772714556
210 174.471011138 218.772828146 0.997788935922 0.998711570317 0.996219773033 259.961457618 259.934009048 259.789576467
211 253.185728976 244.630349386 0.997659310887 0.998702032073 0.996217089646 259.959120295 259.933529367 259.789424763
212 219.274474144 287.527164007 0.997642105075 0.998712153558 0.99622622585 259.958787622 259.934041109 259.789945087
213 188.419422659 259.660061174 0.997831703573 0.998707976021 0.996228210091 259.962188883 259.933825508 259.790058658
214 254.288405933 345.24270689 0.99780553846 0.998706418148 0.996216860367 259.96173142 259.933745528 259.789426373
215 104.426719378 304.653069846 0.997777903545 0.998741972954 0.996213522305 259.961241482 259.935575748 259.789228695
216 227.700589113 306.205726483 0.997772616799 0.998699404355 0.996196649646 259.961143563 259.933409631 259.788321783
217 164.430310754 346.150729798 0.9977465228 0.998705501983 0.9962079495 259.960692763 259.933703753 259.788916694
218 210.096001967 279.300517869 0.997789581113 0.99869833225 0.996222559831 259.961438433 259.933363327 259.789741721
219 121.485830805 336.664014313 0.997673826569 0.998706159473 0.996225530777 259.959394857 259.933745483 259.789908772
220 173.23557729 346.444755596 0.996741877074 0.998709298246 0.996220885186 259.94288842 259.933893842 259.789642168
221 111.394357401 240.132126135 0.997765844552 0.998707357675 0.996223348859 259.961002936 259.933796513 259.789780066
222 100.698689452 290.808893506 0.997724914588 0.998693029279 0.996071881579 259.960285773 259.933091606 259.78142359
223 151.127880299 332.698828476 0.997720670568 0.998705637402 0.996224077139 259.960205937 259.93371381 259.789823323
224 141.110617995 293.850139737 0.997760875417 0.998700783034 0.99622678042 259.960942669 259.933449377 259.789970447
225 109.046876318 261.004401254 0.997444613317 0.998708755624 0.996212947102 259.955538517 259.933868448 259.789192978
226 161.473486317 283.597461887 0.997826498892 0.998705538389 0.996216978198 259.96208895 259.933701334 259.789419227
227 70.649673216 312.964175634 0.997813196856 0.998696856639 0.99610521201 259.961864222 259.933236691 259.783462065
228 204.556062419 288.909842373 0.99780002592 0.99871368688 0.996216835375 259.961616917 259.934117309 259.789417814
229 135.992776123 360.661486511 0.997765427378 0.998690765228 0.996224823507 259.961027691 259.932950147 259.789864839
230 145.905323319 254.265316725 0.997565577467 0.998709710917 0.996218366484 259.957416741 259.933912405 259.789503095
231 205.234880015 274.457451229 0.997732176957 0.998710025698 0.996226485502 259.960419885 259.933933627 259.789962262
232 182.460924402 314.89314229 0.997610751663 0.998686376684 0.996205303093 259.958289937 259.932736017 259.788787001
233 168.792228768 316.275453058 0.997755261644 0.998707425695 0.996215881646 259.960751898 259.933794 259.789354981
234 177.108312676 340.785568819 0.997594617212 0.998707680624 0.996218068492 259.958113201 259.933815175 259.789485157
235 129.582203266 302.489420428 0.996669062834 0.998710716147 0.996218056048 259.940556599 259.933966234 259.789483078
236 166.40997606 347.996400062 0.99781090144 0.998693481336 0.996226308803 259.961817009 259.933133076 259.789946752
237 160.332224953 293.738696657 0.997626799725 0.998698750496 0.99622306242 259.958596809 259.933364617 259.789760287
238 220.976217327 278.38069734 0.99644159047 0.998693300505 0.996219153272 259.938463991 259.933095383 259.789544697
239 123.240543986 282.035049318 0.99781843362 0.998707259659 0.996200572447 259.961955471 259.933795866 259.78849032
240 96.522687879 348.411617563 0.997796275677 0.998703125472 0.996233243004 259.96156418 259.933576453 259.790337214
241 168.666208335 337.3997057 0.997817413329 0.998691326623 0.996227516437 259.961937029 259.932978552 259.790019957
242 160.806648249 307.501411584 0.997806447531 0.998713946233 0.996225622922 259.961735181 259.934125696 259.789916756
243 205.287338411 351.905617831 0.99782490587 0.998708753774 0.996223864105 259.962064966 259.933876033 259.789810207
244 145.627678903 297.630818536 0.996470497647 0.998697360735 0.9961923446 259.936761957 259.933278407 259.788067113
245 272.675444602 403.930428069 0.997801452255 0.998704903778 0.996219273497 259.961654565 259.933674338 259.789566281
246 171.023265288 229.729710995 0.997739748176 0.998710617033 0.996214135838 259.960567171 259.933962155 259.789270351
247 119.039732594 347.375218106 0.997755940033 0.998707328371 0.996223146725 259.960870825 259.933799355 259.789781101
248 123.9258144 379.394733608 0.997810126936 0.998703455306 0.996222891829 259.961805198 259.933592424 259.789755243
249 90.3563810233 316.168509764 0.997759311705 0.998700899518 0.996227737548 259.960912589 259.93345958 259.790027858
250 144.147685029 327.784666803 0.997818620432 0.998709100171 0.996146382991 259.961946898 259.93388767 259.785312992
251 107.023886249 311.489995367 0.997829203673 0.998709581126 0.996142339679 259.962135881 259.933907769 259.785413008
252 284.334173864 255.458145276 0.997301059791 0.998708269046 0.996031826473 259.953113321 259.933856635 259.778788748
253 72.7155649076 241.907626459 0.994800331506 0.998710141063 0.996219854032 259.90860886 259.933941584 259.789581853
254 221.646956189 328.483330038 0.997832402409 0.998706707455 0.996213652659 259.962197926 259.933759039 259.789239528
255 144.03820947 290.642182211 0.997684033186 0.998715659252 0.996220445061 259.959650993 259.934213303 259.789618056
256 149.118575766 278.551895564 0.997800076658 0.998698690158 0.996211909983 259.961629677 259.93336934 259.789145661
257 188.19854813 222.431803128 0.997482554032 0.998708917925 0.996229589321 259.9559288 259.933871486 259.790143149
258 181.163783698 268.097483231 0.997673883507 0.998709996251 0.996224377007 259.959469545 259.933933151 259.789840645
259 192.949139552 363.648400589 0.997779175076 0.998706773905 0.996222132395 259.961234457 259.933772447 259.789720158
260 165.678969392 301.998360657 0.996436864614 0.998706363323 0.996212489485 259.937797719 259.933754606 259.789169341
261 138.890887473 323.935758408 0.997781595278 0.998704007437 0.996220101454 259.961293407 259.933630172 259.789599947
262 155.449958334 403.841860222 0.997747127268 0.998708939319 0.996223348803 259.960696426 259.93387005 259.789790477
263 83.1638376833 339.072978883 0.997727876509 0.998504685931 0.996147906288 259.96037262 259.923305405 259.785623377
264 164.671679939 381.937746536 0.996429763301 0.998576495896 0.996223374377 259.937188342 259.927235228 259.789782028
265 106.068802531 296.204217022 0.997722836802 0.998699872321 0.996232348471 259.960234924 259.933407197 259.7902944
266 195.279088808 317.326945598 0.997798250427 0.998711492914 0.99621134405 259.961597876 259.934011076 259.789106224
267 179.131319425 228.0293934 0.99779085412 0.998671020699 0.996213636664 259.961473039 259.931992255 259.789228749
268 205.949585626 302.484366658 0.994445209489 0.998707924733 0.996159950072 259.900242273 259.933829424 259.786112231
269 65.8594594194 232.607941481 0.997769266231 0.998703356786 0.99622460509 259.961091561 259.933592329 259.789851647
270 91.2379373598 300.775991268 0.997566616467 0.998712943979 0.996219913639 259.957451711 259.934078027 259.789589211
271 107.733990108 317.582660121 0.997797710499 0.998712468869 0.996222045654 259.961587196 259.93409163 259.78969687
272 22.9814134554 253.382411467 0.997304283714 0.998685877547 0.996210399859 259.953028668 259.932670602 259.789071114
273 133.740242506 274.784295208 0.997811477248 0.998675231613 0.996225955093 259.961838618 259.932183329 259.789934746
274 198.443107305 282.977885199 0.997778317457 0.998696890874 0.996214317241 259.961252093 259.933278409 259.789269684
275 273.935076138 307.465310539 0.994053245218 0.998614509378 0.99621815268 259.894930852 259.929105648 259.789485692
276 217.345168802 302.676779265 0.997670047399 0.99871127595 0.996222717345 259.95933906 259.933993592 259.789745628
277 171.721594944 308.676517822 0.997477458937 0.998704246118 0.996153467304 259.956099268 259.933642024 259.785881341
278 171.573431903 243.020588412 0.997756487584 0.998710277846 0.996225981532 259.960858852 259.933947858 259.789941405
279 165.098774165 252.495862444 0.997809027955 0.998695593732 0.996225548343 259.961784481 259.933237662 259.789908417
280 239.879762681 299.015748143 0.997755081855 0.998709280109 0.996222491627 259.960856289 259.933894673 259.789731407
281 129.851793985 358.141407072 0.997820434151 0.99863453572 0.996230569981 259.961990785 259.9302109 259.790197294
282 45.0241502625 347.365979271 0.997746219031 0.998699375457 0.996219857847 259.960687828 259.933400281 259.789579596
283 178.81288465 273.901446447 0.997638316736 0.998697225946 0.996208088388 259.958723654 259.933262534 259.788948635
284 75.5215791528 200.572092627 0.997741088763 0.998703382486 0.99622312989 259.960619377 259.933585101 259.789768334
285 119.746042345 219.543835746 0.9976493717 0.998705331043 0.996217855535 259.958938524 259.933696053 259.789476215
286 175.746725634 238.186939657 0.997703921289 0.998706841833 0.996222338692 259.959943571 259.933772348 259.78972235
287 171.517304565 279.155469743 0.997725885402 0.99870823112 0.996217129873 259.960338448 259.933843368 259.789424929
288 49.8371661642 321.580081904 0.997762468077 0.998709265966 0.996097878622 259.960979856 259.933894648 259.782566375
289 96.8485506157 273.522713855 0.997822121844 0.99870756637 0.996211061743 259.962022348 259.933805834 259.789079773
290 111.103391693 297.746156834 0.996076970912 0.998708325704 0.996218014245 259.931275777 259.933852092 259.789480597
291 217.109464221 346.030963767 0.997526755565 0.998701724821 0.996275642173 259.956902483 259.933499592 259.792593116
292 208.049504326 255.029848534 0.997710925998 0.998699199976 0.996230217973 259.960070084 259.933386519 259.790180907
293 177.411529546 188.972630296 0.997333633755 0.998674881492 0.996218275922 259.953263082 259.932080394 259.789492341
294 233.660064077 299.977591981 0.997654684367 0.998713074598 0.99621566549 259.959030562 259.934082746 259.7893543
295 135.464993112 325.109325444 0.99765256807 0.998646320859 0.996226717331 259.959008494 259.930680787 259.789974595
296 201.807332008 278.973656936 0.997699766202 0.998708821426 0.996215592722 259.959882164 259.933873039 259.789342277
297 201.272333542 293.838298899 0.9976127255 0.998675330217 0.996122423926 259.958369308 259.932178794 259.784356034
298 138.583139356 276.738251842 0.99770527584 0.998702598466 0.996217783555 259.959940198 259.933552245 259.789468171
299 180.037375594 271.350976239 0.997775902155 0.998713252481 0.996230805632 259.96121061 259.9340987 259.790208041
300 139.162137546 347.234074498 0.997817854142 0.998703906419 0.996217282075 259.961944052 259.933623046 259.789435177
301 91.8409105471 298.62573976 0.99780430379 0.998699904015 0.996220216063 259.961704642 259.933419529 259.789596154
302 168.811999691 271.963005504 0.997752447017 0.998704836561 0.996204281436 259.960793898 259.933673739 259.788718949
303 159.295598137 342.460779574 0.997816044361 0.998701308817 0.996219009542 259.961913792 259.933481011 259.789532839
304 133.331681891 259.387643755 0.997798266632 0.998708749386 0.996219025278 259.96160524 259.933885602 259.789533667
305 209.520563392 319.798120966 0.997780577158 0.998714916906 0.996191315492 259.961313004 259.934181721 259.788035765
306 133.311278338 260.075317858 0.997774509899 0.998706907271 0.996217313816 259.96117698 259.933781738 259.789457475
307 137.165645815 279.67307722 0.997828430234 0.998703557857 0.996215971703 259.962134731 259.933616524 259.789367408
308 137.533609598 284.796236654 0.997762446318 0.99870667984 0.996212380616 259.960988794 259.933766084 259.78916159
309 130.759739378 382.342936947 0.997673568537 0.9986990383 0.996217553376 259.959406943 259.933388054 259.78945255
310 127.865228565 242.355055763 0.997692739948 0.998710446528 0.996221910034 259.959706993 259.933957828 259.789709904
311 219.469644469 369.345093238 0.997464976071 0.998710585226 0.996214111314 259.955856713 259.933965222 259.789263227
312 137.889951218 351.196526625 0.997187322753 0.998703086803 0.996220447972 259.950118793 259.933580352 259.789622818
313 205.184227398 385.73897114 0.997731104415 0.998711321439 0.996206754771 259.960421023 259.933996971 259.788837756
314 167.437655504 256.279507269 0.997807687293 0.998689760982 0.996212441689 259.961762395 259.932893429 259.789175855
315 207.894311326 263.934660591 0.997748907954 0.998711229244 0.996219184555 259.960702587 259.933993071 259.789553432
316 114.39623629 368.105904242 0.99783718754 0.998698833322 0.99622369606 259.962278313 259.933373365 259.789793313
317 127.824221538 311.958424716 0.997659070964 0.998708515546 0.996226908212 259.959146205 259.933854474 259.789986257
318 78.9119213461 278.491812813 0.997787106885 0.998700419431 0.996216648685 259.961391833 259.933466545 259.789400906
319 164.874577182 291.451934822 0.997779087004 0.998703954769 0.99620657934 259.961242681 259.933622311 259.788838717
320 133.095479336 260.140829255 0.997796622867 0.998697141923 0.996207808172 259.961574614 259.933271117 259.788937997
321 158.751773171 254.768144234 0.997630510153 0.998703679529 0.996197165129 259.958692587 259.933609643 259.788311778
322 207.059204484 315.460228539 0.997819026621 0.998704103627 0.996216188669 259.96196051 259.933641163 259.789377723
323 153.147333208 349.390855661 0.997388848657 0.998695828743 0.996218643139 259.954284975 259.933204978 259.789511193
324 92.1279843495 229.584384383 0.997813074743 0.998711817031 0.996217240483 259.96185586 259.934024161 259.789442357
325 136.870072665 407.462122368 0.99694462231 0.998564855941 0.996221160827 259.946628336 259.926722605 259.789652154
326 99.790311024 310.053686248 0.997664409279 0.998711469866 0.99622723056 259.959231306 259.934007382 259.790003692
327 135.413534464 194.731650394 0.997810265619 0.998712464329 0.996216959157 259.961814508 259.934052924 259.789414113
328 182.920310957 383.803620043 0.997763661115 0.998678437636 0.996219017493 259.960983471 259.932392346 259.789543768
329 63.1735714978 287.354013039 0.996868514642 0.998695853402 0.996164320305 259.945654774 259.933213223 259.786476784
330 151.808756151 154.861968646 0.997718324374 0.998701903443 0.996220117686 259.960166885 259.933512926 259.789593765
331 166.379028708 218.242327762 0.997569189317 0.998713203876 0.99621944013 259.957604998 259.934096889 259.789554469
332 156.637327643 247.033155739 0.997697863608 0.998705721119 0.996219561713 259.959838925 259.933729603 259.789561796
333 144.406999726 387.775829378 0.997614774649 0.99869219432 0.996223614045 259.958491499 259.933026574 259.789802144
334 95.5840158666 326.502259407 0.997809373304 0.998693808362 0.996221230795 259.961791987 259.933103088 259.789666367
335 189.504416761 240.69414103 0.997753417166 0.998708043695 0.996227414615 259.960800503 259.93382847 259.790023751
336 93.4773810394 338.0934833 0.997729366718 0.998708302235 0.996206077239 259.960378244 259.933848459 259.78884045
337 157.151003079 276.245162189 0.997818939257 0.99871063579 0.996201518073 259.961965026 259.933963324 259.788594056
338 162.389672642 362.12335953 0.997823353295 0.998704484637 0.996216506466 259.962041695 259.933644807 259.789403523
339 190.738440268 241.435212403 0.997730136434 0.998661529598 0.996239049041 259.960400414 259.931514324 259.790676907
340 168.315330288 355.975408746 0.997747957443 0.998703253436 0.99621951955 259.960734325 259.933583791 259.78956648
341 134.079526326 249.395632535 0.99783217493 0.998709559962 0.996216499735 259.962190685 259.933913603 259.789398356
342 185.072928095 327.736968473 0.997804747576 0.998646733253 0.996215529413 259.961707821 259.930774598 259.78934304
343 195.003538113 304.686788126 0.997826342278 0.998707767561 0.996213865319 259.962083197 259.933822034 259.789241918
344 182.964359281 264.742534953 0.99763856699 0.998698028801 0.996228781065 259.958828896 259.933334481 259.790089258
345 166.864969771 355.501302652 0.997607023474 0.998698734748 0.996216327048 259.95810363 259.933371548 259.789381525
346 153.883634735 306.364091598 0.997773100642 0.998712322594 0.996215917791 259.961162544 259.934049694 259.789352765
347 164.11970778 413.303880073 0.997657928474 0.998704657441 0.996224773914 259.959120568 259.93366292 259.789865306
348 214.964019702 300.893321626 0.997800654489 0.998657033794 0.996213207682 259.961633407 259.931348672 259.789219923
349 188.61521356 328.079621118 0.997824940047 0.998695528685 0.996228409236 259.962058012 259.933195602 259.7900628
350 257.570105464 262.481011921 0.997420723326 0.99870493317 0.996225670099 259.954980993 259.933670624 259.789904005
351 208.213333378 284.246202136 0.997718465385 0.998702675726 0.996210241373 259.960148872 259.933555485 259.789036331
352 85.2919059664 347.336176009 0.997770137287 0.998706485823 0.996216695242 259.961086642 259.933752098 259.789406166
353 187.440475511 339.430923987 0.997768780273 0.998709195572 0.996231557676 259.961078302 259.933891435 259.790242221
354 249.104925217 303.988907255 0.997591866229 0.998706087321 0.996199293128 259.958079109 259.933722032 259.78848637
355 163.922912717 179.066109659 0.997812414571 0.998683416855 0.996219609022 259.961848647 259.932636081 259.789570903
356 152.205705308 199.651644747 0.997823977213 0.998712729758 0.996217132601 259.962046132 259.934069926 259.789430385
357 174.965727549 145.678833299 0.997740800069 0.998710121227 0.996223462296 259.960553406 259.933936239 259.789785521
358 149.517989234 313.510012377 0.997731624151 0.998703064657 0.996222323041 259.960394676 259.933587987 259.789727093
359 136.027127205 299.704367326 0.997154196689 0.998704008342 0.996211040542 259.950285401 259.933623136 259.78908713
360 175.006101691 278.072092993 0.997596096458 0.998708752135 0.996212606287 259.957950058 259.933866475 259.789182707
361 146.827594961 317.54240987 0.997779915824 0.998706334089 0.996224702072 259.961301826 259.933751035 259.789864023
362 102.70182079 375.879537107 0.997759867929 0.998705548872 0.996215287454 259.960932753 259.933719012 259.789330322
363 185.375134619 292.926161836 0.997787785495 0.998704815547 0.996218947742 259.961381076 259.933662434 259.789534159
364 173.54481052 223.98669653 0.997772028077 0.998696759579 0.996218102577 259.961170786 259.933254217 259.789480495
365 87.7108399085 346.952488267 0.997783027132 0.998706111137 0.996182603565 259.96131831 259.933740319 259.78747206
366 120.321075146 319.854733783 0.997699278888 0.998705317387 0.996223656446 259.959796677 259.933695462 259.789799554
367 93.079271684 269.694990916 0.997688914394 0.998704772852 0.996220217102 259.959658709 259.933655136 259.78960374
368 141.181500538 290.148257077 0.997625056408 0.998710881834 0.996214914707 259.958534956 259.933977904 259.789319695
369 135.062817376 363.343334757 0.99778093316 0.998690910304 0.996222278675 259.961288123 259.932972422 259.789718393
370 204.062922839 292.922134286 0.997741234772 0.998700456968 0.996199621258 259.960599951 259.933452066 259.788439681
371 158.452044616 280.617733992 0.997773825846 0.998710800674 0.996214836311 259.961155383 259.933978477 259.789313468
372 215.251609222 346.695079399 0.997550193196 0.998683920097 0.996209803535 259.957279335 259.932585325 259.78900875
373 102.519984482 235.304972235 0.997770079614 0.998710921376 0.996212830203 259.961108177 259.933981544 259.789205255
374 154.774945535 330.450059443 0.99775454662 0.998708548656 0.996217182643 259.960814459 259.93385656 259.789432132
375 127.594101513 309.794617655 0.997825419896 0.998690320719 0.996209196927 259.962077167 259.93297788 259.788992192
376 150.234441636 349.905730119 0.997724184967 0.998706903476 0.996237878023 259.960267258 259.933772063 259.790606039
377 185.833835035 365.996292172 0.997809027589 0.998706689296 0.996214085023 259.961789534 259.933772022 259.789258097
378 112.227556721 329.069349733 0.997765378411 0.998689851084 0.996222846912 259.9610144 259.93293497 259.789750305
379 173.232209917 389.047901875 0.997770868085 0.998698717264 0.996220915371 259.961148754 259.93333892 259.789647705
380 185.28452275 360.314847941 0.997378610376 0.998645152624 0.996220792474 259.9543444 259.930710666 259.789638101
381 127.735348267 285.540440716 0.997823047933 0.998702276916 0.996209437382 259.962038094 259.933541697 259.788991291
382 68.8908128169 260.782982528 0.997787041309 0.998710024332 0.996219820302 259.961408536 259.933939337 259.789575472
383 155.542869476 300.450112716 0.997733358308 0.998708667732 0.996223873847 259.96046782 259.933864702 259.789818624
384 47.9031729613 305.666339813 0.997719379205 0.998696609308 0.996212023193 259.960201004 259.93325336 259.789167604
385 116.682105292 326.752075484 0.997725057565 0.998705024498 0.996215930115 259.960286364 259.933676715 259.789363189
386 216.121163808 298.131479613 0.997592669824 0.998704180819 0.996200106221 259.958000244 259.93363693 259.788521372
387 185.344566978 359.8345036 0.996513224735 0.998714233546 0.996223765277 259.936684079 259.934141717 259.789806884
388 183.604532667 288.322419354 0.997777446417 0.998687861956 0.996221753906 259.961212074 259.932845076 259.789692909
389 262.030317793 318.408779436 0.997532143424 0.998708810136 0.996219673045 259.95670058 259.933870286 259.789574481
390 201.750955773 311.651949619 0.997792358435 0.998701815919 0.996208110991 259.961482774 259.933526157 259.788935322
391 202.401412417 358.933301344 0.991791696974 0.998713874318 0.996215397017 259.849904999 259.934127215 259.789333611
392 76.1018666268 290.353631164 0.99778347334 0.99870186117 0.99622780352 259.961332928 259.933521458 259.790028361
393 171.016603921 304.308144259 0.997429226452 0.998707354328 0.996226883682 259.95518166 259.933807963 259.789981636
394 245.712360547 342.21400609 0.997822677482 0.99869752614 0.99593019601 259.962033425 259.933284534 259.773682003
395 182.982505742 279.337870922 0.997824126758 0.998707879668 0.996221761101 259.962052548 259.933821414 259.789696056
396 113.854224664 323.499218968 0.997646790832 0.998709279431 0.996209948881 259.958952527 259.933891207 259.789025521
397 91.9515469179 282.237588844 0.997661140748 0.998712344927 0.996228531942 259.959268431 259.934047708 259.790084045
398 145.434377453 267.448032858 0.99778663157 0.998707919182 0.996216113933 259.961391372 259.933822444 259.789388705
399 105.44249391 314.698208662 0.997789008852 0.998703224784 0.996217488425 259.961419491 259.933585812 259.789450476
400 255.590164635 253.730808941 0.997647241768 0.998704095326 0.996104220484 259.958956843 259.93363985 259.782981973
401 69.6314474372 318.136913162 0.997343364723 0.998711332872 0.996214697825 259.953751694 259.933998092 259.789288591
402 77.7790689759 281.882069487 0.997725990888 0.998702066132 0.996227471722 259.960331548 259.933536121 259.790017089
403 112.352042283 252.87903721 0.997758935047 0.99868725006 0.99621702651 259.960879017 259.93281616 259.789427725
404 120.655448737 297.170136892 0.997803029756 0.99869698096 0.996224215821 259.961671709 259.933270559 259.789831569
405 240.619528873 171.77762164 0.997795036978 0.99871097197 0.996220743185 259.961542249 259.93398725 259.789635122
406 145.263062499 249.065067334 0.997794174758 0.998704861107 0.996184578194 259.961475838 259.933669507 259.787649208
407 199.941995699 255.788541581 0.997816090675 0.998706087803 0.996218240543 259.961917631 259.933734084 259.789493297
408 172.793516146 266.482604634 0.99755295163 0.998714216329 0.996217599143 259.957253117 259.934145541 259.78946269
409 151.883963656 318.640646124 0.997816054484 0.998702764338 0.996224551771 259.961912484 259.933557618 259.789850386
410 98.3722551271 275.798561487 0.997826760927 0.998688977385 0.996188017276 259.962097282 259.932843003 259.787830886
411 237.582580732 252.995484898 0.997757818617 0.998701497044 0.996208203554 259.960924809 259.933512661 259.788972982
412 35.5280492706 277.171526556 0.997726911312 0.998694549567 0.996216159251 259.96029795 259.933184042 259.789381479
413 118.175793947 245.048325683 0.997755430752 0.998710788404 0.996205397504 259.960845194 259.933971271 259.788780444
414 180.918210795 299.860316851 0.996257956189 0.99870852337 0.996216242288 259.932466471 259.933863157 259.78938789
415 125.961599516 284.085346993 0.997654481121 0.998709496416 0.996216581224 259.959105085 259.933908578 259.789392936
416 121.289939613 177.07505575 0.997717538631 0.99868308582 0.996105866071 259.960174423 259.932567197 259.783180984
417 228.35106853 361.37375352 0.997821643698 0.998709530875 0.996190325285 259.962009856 259.933910121 259.787966597
418 177.593978994 279.162687083 0.997825680744 0.998709842183 0.996219782081 259.962077464 259.933918995 259.789592687
419 120.315760878 222.611798245 0.997829819461 0.998708484577 0.99622508069 259.962151282 259.933856813 259.789887796
420 123.089865963 304.853223696 0.997625663753 0.998709900454 0.996206712126 259.95844537 259.933927199 259.788879288
421 145.880915231 288.985803599 0.997691577601 0.998708425597 0.996226682166 259.95975673 259.933852514 259.789977475
422 144.375314596 372.133752797 0.997815823621 0.998700897023 0.996228579246 259.961899444 259.933489254 259.790079263
423 207.413031177 282.405249801 0.997399510338 0.998711030434 0.996228182348 259.954402305 259.93398659 259.790059522
424 169.713222946 194.321781532 0.997796390784 0.998710259577 0.996218407054 259.961563576 259.933940469 259.789502602
425 182.310735437 287.186812058 0.997747757678 0.998705206826 0.996014047319 259.96069164 259.933696971 259.777890038
426 129.001156428 316.132702299 0.997776024894 0.998707421346 0.996155706174 259.961214288 259.933798474 259.785928905
427 96.0020944471 303.125658355 0.997776641621 0.998671442689 0.996216456544 259.961226164 259.931990519 259.789397373
428 149.315462638 305.448055834 0.997812332265 0.998706475442 0.996225282076 259.961858229 259.933749744 259.789898948
429 183.607902049 277.276313887 0.997607065664 0.998709611527 0.996217018144 259.958295521 259.933902171 259.789440956
430 141.56624519 268.550106057 0.997396119553 0.998713113489 0.996234538874 259.954578328 259.934092936 259.790412097
431 130.659397545 214.865692211 0.997782273333 0.998711546981 0.996216595709 259.96132939 259.934006561 259.789395366
432 89.9960087499 271.292578651 0.997742871408 0.998709348671 0.996215234407 259.960643968 259.933898621 259.789323953
433 139.549078426 301.40130633 0.99781944665 0.998701887964 0.996194181695 259.961969392 259.933521577 259.788139884
434 110.240730851 292.298506094 0.997730888884 0.998670537875 0.996229704826 259.960409738 259.931914073 259.79013941
435 144.99677129 239.975906952 0.997833095182 0.998708767168 0.996218045532 259.962206143 259.933877356 259.789478714
436 202.090057252 319.249015562 0.997813757205 0.998705172759 0.996222903377 259.961873367 259.933683197 259.78975208
437 147.460199245 399.628887915 0.993587826047 0.998707563759 0.996224467829 259.888103098 259.933809363 259.789847903
438 181.374986893 200.763157666 0.997759334736 0.998713786939 0.996217571635 259.960906236 259.934124458 259.789466697
439 104.499216941 291.178503753 0.997770044677 0.998711509462 0.996218744091 259.961138858 259.934008139 259.789519555
440 61.0223676229 265.677459527 0.997664366561 0.998706821849 0.996229829024 259.959208464 259.933765141 259.790152021
441 169.297694589 233.225786908 0.997772849473 0.99870744228 0.996211972521 259.961144641 259.933810809 259.789139907
442 141.381934965 233.524559837 0.997748398499 0.998662416271 0.996221023396 259.960704891 259.931517437 259.789647961
443 147.485152577 241.227421044 0.997795384673 0.998705781567 0.996214310783 259.961541421 259.933708915 259.789288968
444 129.139846263 344.928387457 0.997642189385 0.998710187055 0.99617889956 259.958818218 259.93394195 259.787396522
445 150.143354387 348.624285624 0.997694065924 0.998695861859 0.996229362781 259.959730865 259.933248231 259.790126512
446 178.619898766 295.560543853 0.997810296597 0.998701963642 0.996220626854 259.961805621 259.933520466 259.789623427
447 171.838165429 394.497949735 0.997739592149 0.998710919432 0.9962217127 259.960553971 259.933980169 259.789689874
448 157.409804651 300.24555073 0.997691034477 0.998702692385 0.996211172194 259.959812559 259.933550171 259.789102668
449 187.941299234 313.245909729 0.997788766604 0.998700366349 0.996210502243 259.961419075 259.933431462 259.789062729
450 142.872448001 302.030194806 0.997739480003 0.998708259597 0.996226866241 259.960557752 259.933841896 259.789982236
451 95.9957074308 295.610557921 0.99780326852 0.998701559758 0.99620906225 259.96169011 259.933506871 259.788970607
452 177.800874154 193.743407422 0.997826885377 0.99869181642 0.996221396453 259.962108874 259.933025162 259.789675595
453 298.566833658 332.123623607 0.997837829967 0.998706244875 0.996219514858 259.962295153 259.933747348 259.78956208
454 117.7077548 290.277073477 0.997448146889 0.998703904376 0.996201239964 259.955473385 259.933617724 259.788556699
455 98.4761347366 359.830311278 0.997635258652 0.998706093503 0.996223373397 259.958740704 259.933733793 259.789790024
456 155.430899518 298.775965888 0.997805090142 0.998694776291 0.996220705373 259.961713 259.933160828 259.78963297
457 155.761478174 324.403341424 0.997751614702 0.998711076789 0.99621853806 259.960754715 259.933988305 259.789509464
458 175.881574303 323.284222265 0.997735867407 0.998702929029 0.996211540461 259.960487515 259.933558004 259.789105732
459 140.864104042 222.508415022 0.997816339665 0.998706553817 0.996216568908 259.961920175 259.933748435 259.789392961
460 177.273400329 281.252438776 0.997828454052 0.998696813876 0.996219522928 259.962121652 259.933268572 259.789560929
461 174.301244066 297.397903315 0.997739796967 0.998678622867 0.996206486796 259.960557232 259.932313815 259.788851452
462 189.455927178 315.736273125 0.99772652997 0.998690247418 0.996215939818 259.960304074 259.932921148 259.789355198
463 146.539886814 362.92859081 0.997799594892 0.998707198806 0.996221278996 259.961605538 259.933788973 259.789666242
464 198.779978212 306.631401949 0.997819335822 0.998711279493 0.996209146547 259.961963337 259.933997709 259.788993646
465 201.117875062 218.902394762 0.996642269422 0.998687017985 0.996217533641 259.941313238 259.932770174 259.789451559
466 184.101386681 327.393724208 0.997797951674 0.998706879875 0.99622692701 259.961590713 259.933766403 259.789980168
467 138.619879915 324.231709213 0.997721517023 0.998708594315 0.996222749799 259.960275628 259.933855003 259.789751013
468 204.152047323 363.77556734 0.997820398191 0.998684663974 0.996222145295 259.961977486 259.93268664 259.789711013
469 207.319311453 317.520427622 0.997674927348 0.998704414908 0.99622886651 259.959373519 259.933637844 259.790097786
470 129.279529748 228.023582215 0.997829165192 0.998704148583 0.996223294992 259.962143375 259.933627555 259.789781663
471 103.005406011 281.950372203 0.997830535559 0.998702514587 0.996198374861 259.962167173 259.933557848 259.788389428
472 143.639026677 263.226267258 0.997834922563 0.998705908181 0.996161342068 259.962236919 259.933721422 259.786442962
473 135.981569689 283.980947729 0.997693240544 0.998684775748 0.996214925268 259.959749278 259.932660336 259.789319461
474 209.251541855 214.548568335 0.997726632538 0.998710121217 0.9962214619 259.960292 259.933932997 259.789671755
475 152.013919621 290.448327026 0.997778173729 0.998710934135 0.996220333536 259.961242667 259.933973095 259.789616633
476 100.638765731 310.540840616 0.997794972063 0.998703273106 0.996220261301 259.961536452 259.933598976 259.789602376
477 202.455944175 258.807401086 0.997211591418 0.998700106505 0.996217607047 259.95141235 259.933446043 259.789459827
478 114.837098804 222.174131276 0.99779114413 0.998699199854 0.996214838599 259.96147692 259.933398944 259.789298328
479 85.7101574725 303.641903849 0.997694842859 0.998705147087 0.995961169976 259.959800806 259.93368326 259.775520144
480 124.599103321 391.154729245 0.990671711071 0.998706033957 0.996230561336 259.831268377 259.933721804 259.790193619
481 135.325241952 331.190039748 0.997444713785 0.998643100195 0.996222608122 259.954970573 259.930439637 259.789735387
482 72.6808184512 325.186218539 0.99322936463 0.998636070697 0.996221391281 259.880547596 259.930300632 259.789671371
483 134.400387842 292.350228802 0.997795018156 0.998704215201 0.996210667805 259.961531738 259.933651118 259.78907603
484 121.883522734 387.765072828 0.997770063361 0.998703964021 0.996213012725 259.961097498 259.93363292 259.789195506
485 188.171820352 331.218541284 0.997657185568 0.998709185445 0.996218617812 259.959154261 259.933887393 259.789509677
486 226.845187558 308.110558836 0.997659825495 0.998701869849 0.996221485354 259.959167683 259.933509368 259.789676054
487 131.20752872 261.17684942 0.997733441833 0.998700766853 0.996184047557 259.960435133 259.933461716 259.787595908
488 196.928959495 257.128665868 0.997734139931 0.99871408914 0.996217169644 259.960450209 259.934143369 259.789426817
489 155.34473484 272.00599822 0.997826100765 0.99870851643 0.99621987065 259.962087016 259.93385208 259.789583126
490 112.855762471 365.560862294 0.997828258999 0.998690970733 0.996224531174 259.962126456 259.932970751 259.78984645
491 149.538471506 377.166805933 0.997676477907 0.998650618596 0.996221474039 259.959473613 259.930975345 259.789677502
492 187.428233291 263.373289011 0.997754977119 0.998710997293 0.996224271632 259.96081998 259.93398195 259.78984474
493 107.660421719 309.995852638 0.997800203773 0.998713995571 0.996219024156 259.961642157 259.93413293 259.789532051
494 204.640096319 316.79000803 0.997814065634 0.998701541565 0.99621637976 259.9618746 259.933503768 259.789387733
495 195.256412026 252.790716431 0.997817317831 0.998692741312 0.9962159511 259.961939808 259.933072971 259.789368223
496 94.5958846871 232.830832477 0.997419666171 0.998666215114 0.996221707945 259.954801958 259.931727922 259.78968686
497 97.8626174379 244.477772018 0.997758197701 0.998708884019 0.996212438854 259.960879585 259.933878805 259.789167233
498 130.344056638 318.940395242 0.99782399808 0.99870027154 0.996220785253 259.96205331 259.933429913 259.789639155
499 181.003117254 273.733190708 0.997596812606 0.998671782621 0.996213027917 259.957976331 259.932059451 259.789202713
