0 104.461131599 319.334895392 0.9960144048 0.997596288413 0.993437929923 259.930436172 259.876913648 259.634536808
1 204.826954847 302.26993111 0.995706623547 0.997593455054 0.993402586387 259.925008617 259.876785347 259.632532194
2 182.532450928 191.588712359 0.996030058511 0.997585830895 0.993443105593 259.930689566 259.876390326 259.634808715
3 170.331524702 284.725790041 0.996017171332 0.997562001493 0.993432954507 259.930462006 259.875167897 259.634256332
4 158.703711996 279.668495545 0.995991526349 0.997535727416 0.99343806646 259.930012872 259.873803613 259.634603057
5 189.355276266 386.148944028 0.995883870297 0.997574153625 0.993445576548 259.928101488 259.875807238 259.634957636
6 122.463653703 307.408974843 0.995930586493 0.997594678555 0.993231271828 259.928966709 259.876852322 259.623185577
7 130.796760434 240.250634512 0.995993212065 0.997581146648 0.993465955441 259.93002949 259.87614498 259.636107705
8 183.360987093 344.08336035 0.995448521529 0.997580964503 0.993445037622 259.920435484 259.876151634 259.634915999
9 219.125800614 322.470682028 0.995850343105 0.997583402434 0.993309500617 259.927594127 259.87625703 259.62742653
10 79.1160212694 346.672134434 0.986259641127 0.997582086315 0.993426748798 259.744404707 259.876206879 259.633887911
11 112.001483354 265.988964316 0.995252833051 0.99757841629 0.993437274227 259.916837451 259.876020809 259.6344931
12 70.5365022767 284.648211987 0.995956464083 0.997586075979 0.993458699326 259.92938462 259.87640727 259.635691344
13 80.6477097669 344.89232739 0.995468029406 0.997576797895 0.993447580962 259.921114238 259.875935129 259.635062071
14 187.721904486 310.238880973 0.995842989936 0.997581963147 0.99341722391 259.927410397 259.876185221 259.633339031
15 156.257195925 224.432383516 0.993073880245 0.997591364259 0.993445909341 259.878125399 259.876670045 259.634964591
16 129.76298055 328.84072185 0.989009357362 0.997567389244 0.993443257418 259.80219104 259.875468883 259.634831737
17 136.056247199 368.283181149 0.995355390429 0.997571231018 0.993434239639 259.919018755 259.875654157 259.634300314
18 232.328998974 349.548073162 0.99575176019 0.997577275313 0.99344426515 259.925815857 259.875971977 259.634879008
19 206.928176589 289.393276373 0.995970383019 0.997595922414 0.993443437858 259.929646677 259.876905521 259.634823852
20 178.158855788 361.254492622 0.996039762889 0.997583351426 0.993585723075 259.930873112 259.876271946 259.642890807
21 168.929195213 317.271573195 0.993525202276 0.997569858051 0.993427787304 259.886466819 259.875567914 259.633934829
22 167.913135885 335.81520329 0.995829888451 0.997467286956 0.993425270756 259.927178688 259.870635724 259.633790854
23 203.83847021 312.413433279 0.995978299775 0.99758350461 0.993457994167 259.929779402 259.87627627 259.635679746
24 202.317418786 265.965605471 0.99593629163 0.997589106132 0.993437124893 259.929014599 259.876564506 259.634465894
25 165.081189233 351.181029555 0.99602873515 0.997591847483 0.993444301427 259.930674121 259.876693708 259.634879361
26 245.913001195 280.830711719 0.995952555618 0.997559969708 0.993444958424 259.929316146 259.875100885 259.6349308
27 149.035208918 347.626591454 0.995750994578 0.997544450052 0.993452055801 259.925828092 259.874250193 259.635326559
28 89.5375253281 322.551223414 0.995729767665 0.997576489191 0.993430169177 259.92502519 259.875904377 259.634103447
29 20.6095213507 288.251383184 0.995915237293 0.997588094381 0.993457358828 259.928658113 259.876511107 259.63563164
30 176.035729904 323.700574121 0.995945857356 0.997559060065 0.993458324048 259.929196094 259.8751067 259.63567868
31 145.717045425 275.407188441 0.995920534736 0.997586212477 0.993434029636 259.92876315 259.876425682 259.63429027
32 214.700223386 247.177601832 0.995813664178 0.997589121033 0.993378125049 259.926902528 259.876560488 259.631293636
33 122.868058079 365.03919498 0.995983958205 0.997539775737 0.993442715012 259.929819085 259.874068949 259.6347965
34 127.368016379 279.264610952 0.996003273356 0.997583812185 0.993437270078 259.930216564 259.876299929 259.634486712
35 188.55351607 358.584639291 0.995921547666 0.997556287372 0.993446765506 259.928826522 259.874957391 259.635012751
36 206.128912467 313.363296579 0.996010605722 0.99756705338 0.993443441097 259.930365331 259.875443775 259.634831888
37 104.698447464 191.778132396 0.995910896357 0.997576240046 0.99344863383 259.928602984 259.875948152 259.63514236
38 154.722928421 341.432178355 0.995977994104 0.997568763961 0.993436330528 259.929792215 259.875538844 259.634425657
39 179.067460047 314.986948657 0.995680760094 0.997589291717 0.993448481107 259.92469321 259.876589413 259.635113264
40 207.825578125 326.18672005 0.995579723133 0.997583751966 0.993437225551 259.922952017 259.876306605 259.634478384
41 161.376698972 403.274834197 0.995917983344 0.997592364124 0.993431512224 259.928787972 259.876724642 259.634146617
42 188.354686149 355.915803422 0.995389499038 0.997592478693 0.993426767004 259.919426641 259.876728232 259.633896654
43 181.072474518 309.087353448 0.995990982832 0.997584710526 0.993442199152 259.930002151 259.876342673 259.634756188
44 203.344093198 361.223500194 0.996003971773 0.997576236617 0.993438079875 259.930226325 259.87593403 259.634512616
45 133.442817872 331.606117507 0.995940273188 0.997598895783 0.993444327358 259.929127918 259.877046931 259.634895157
46 183.713590377 404.813282066 0.995929351048 0.997583760915 0.993441926097 259.928943892 259.876290997 259.63475931
47 104.540240017 276.838809584 0.995990371751 0.997594253479 0.993435125484 259.929990129 259.876813264 259.634371479
48 193.370737127 290.17983142 0.995831620738 0.997591616693 0.993434468615 259.927258578 259.876693967 259.634318141
49 142.714159687 293.82446029 0.995517478662 0.997590946699 0.993423705413 259.921485902 259.876662072 259.633739657
50 223.077004996 285.976345177 0.995597972228 0.997591862687 0.993436235662 259.923253535 259.876696137 259.634427309
51 168.803621459 272.7972419 0.9956154569 0.997583933838 0.993447934185 259.923530529 259.876304025 259.635077037
52 120.467067181 251.091212627 0.995920244539 0.997586720357 0.993448309352 259.928803489 259.876437273 259.63510791
53 124.48449748 349.298820691 0.995348897034 0.997542687491 0.993446689492 259.918575849 259.874164607 259.635011951
54 104.470426569 345.214385604 0.99600477339 0.997564613279 0.99342738574 259.930249596 259.875271171 259.633959846
55 149.179497343 331.216883957 0.995250321867 0.997566922845 0.9933837759 259.916620096 259.875430559 259.631503842
56 78.9463034066 363.080653944 0.995700711645 0.997578649335 0.993449231506 259.924930196 259.876007278 259.63514931
57 241.297765017 280.796027238 0.99593830034 0.997592169632 0.993440871595 259.929093728 259.876719923 259.634688512
58 204.018038921 327.646233363 0.996022783126 0.997594408916 0.993451166265 259.93056571 259.876830253 259.63526728
59 146.413969586 273.73970324 0.995529406236 0.997583577666 0.993442088597 259.921836574 259.876280923 259.634757285
60 117.81926977 246.796525178 0.99584569022 0.997507842631 0.993432097784 259.927442668 259.8723832 259.634190338
61 114.206109699 190.383894247 0.996025407828 0.997567699807 0.993431732656 259.930616211 259.875466371 259.634163404
62 177.691518594 243.870596562 0.996003981027 0.997595271041 0.993451004945 259.930223157 259.87687238 259.635274916
63 167.727430638 322.497794168 0.996047816714 0.997595971734 0.993445796539 259.931018714 259.876911718 259.634961774
64 201.82784652 337.367550245 0.995929565484 0.997592896187 0.993442741847 259.928946161 259.876747901 259.634780236
65 79.9195180295 318.670453706 0.995958152799 0.997595065718 0.99344451239 259.929422269 259.876868798 259.634886195
66 151.109367721 295.979788433 0.989554113925 0.99759019091 0.993454559266 259.810395378 259.876618029 259.635453758
67 176.912584724 340.056297089 0.995976021053 0.99757981742 0.993435388449 259.929737234 259.876086774 259.634385048
68 132.609309799 301.181399955 0.996016847061 0.997588655331 0.993442331669 259.930467053 259.876534542 259.634775055
69 203.774693493 313.767848947 0.995934757919 0.997586737549 0.993423510329 259.928996937 259.87644432 259.633694232
70 241.710783381 288.431506582 0.995993680424 0.997597180605 0.993447145048 259.93005137 259.876972248 259.635051298
71 263.128198597 359.317342099 0.996027136383 0.997567445013 0.993438005513 259.930631479 259.875494914 259.634519956
72 248.638886108 351.476588845 0.996000727102 0.997579734587 0.993444757207 259.93019148 259.876080709 259.634893462
73 44.2088369552 277.396728185 0.995911020101 0.997549071473 0.99343076787 259.928620201 259.87459996 259.634158024
74 134.84574682 296.317419469 0.9956343742 0.997568191453 0.993444901873 259.923870575 259.875519134 259.634918244
75 143.999993716 287.689295345 0.996017691308 0.997583019269 0.993436798296 259.930485962 259.876261774 259.634453063
76 75.7981347918 266.616788551 0.996016119841 0.997577966017 0.99344693978 259.930441795 259.876031135 259.635026462
77 143.084503881 200.58006974 0.995887435298 0.997576223258 0.99344157953 259.928171916 259.875863941 259.634728691
78 60.859407088 298.930259761 0.989737664656 0.997596264264 0.993440573529 259.812473116 259.876926586 259.634676875
79 41.2330013672 325.239303635 0.995963186975 0.997578672893 0.993446325277 259.929499568 259.876016012 259.634997753
80 190.878707506 358.909174349 0.995748988894 0.997589596474 0.993450567306 259.925535021 259.876574435 259.63523963
81 235.376624563 289.981890247 0.995995713197 0.997589587288 0.993430123622 259.930109565 259.876589966 259.634089888
82 121.164198476 265.407320868 0.995983416642 0.99755934335 0.993443361616 259.929871991 259.875098326 259.634828909
83 191.100244923 254.551480073 0.995992469862 0.997514373393 0.993446142811 259.930037631 259.87290106 259.634998762
84 190.279578324 290.705870998 0.995904241945 0.99757938072 0.99344114618 259.92847236 259.876054945 259.634698892
85 194.91709832 422.077976498 0.995856686326 0.997572484746 0.993448714348 259.927675591 259.875723141 259.635132657
86 102.726806678 384.430264766 0.995943392402 0.997535839018 0.993440453055 259.929177814 259.873931266 259.6346517
87 143.286311404 381.578792336 0.995955311044 0.997591821294 0.993449958948 259.929388313 259.876709173 259.635197208
88 43.2256939037 286.97169746 0.995795322262 0.997595290069 0.993445391771 259.926614162 259.87687797 259.634956685
89 205.384195057 355.076877428 0.995914434575 0.997577559909 0.993438046327 259.928615893 259.875972592 259.634525876
90 106.210458704 297.140796025 0.995630529406 0.997427242662 0.993453225826 259.923640893 259.868268276 259.635397111
91 122.579257819 233.394565075 0.995872269222 0.99757506297 0.99345071448 259.927969602 259.875878106 259.635257533
92 62.1181572667 264.430546614 0.995847990623 0.997518487783 0.993428770232 259.927411655 259.872919666 259.634005097
93 229.420041564 255.701834815 0.995593075274 0.997496814337 0.993446518097 259.923065122 259.871797755 259.635000458
94 97.2654257527 301.007311525 0.995941910798 0.99757056773 0.993433807023 259.929119617 259.875602423 259.634314943
95 110.862127684 344.201000441 0.995673093493 0.99752176022 0.993434288822 259.924233042 259.87314812 259.634317003
96 165.925589809 305.668395728 0.995906338446 0.997588255778 0.993462688771 259.928638215 259.876512942 259.635932917
97 205.137876929 295.895782488 0.995916270047 0.997525685336 0.993445291814 259.928649277 259.873213447 259.634954144
98 69.9979500151 267.223613803 0.996022601063 0.997577623837 0.993435988028 259.930571594 259.875976199 259.634398914
99 117.608784464 397.925168493 0.995744859345 0.99756533508 0.993429648052 259.925701439 259.875314502 259.634057917
100 184.726887249 371.493768168 0.995924887569 0.99758785809 0.993451397557 259.928846763 259.876491198 259.635291106
101 176.350937944 306.177695792 0.995868422535 0.997575437113 0.993436873999 259.927894931 259.875849581 259.634471349
102 123.100019249 354.766556182 0.995985986655 0.997581561341 0.99345406664 259.929915895 259.876181732 259.635425346
103 112.179988672 298.916752433 0.99593065897 0.997571432431 0.993446226695 259.928812483 259.875650168 259.635010337
104 71.0674285399 386.483113952 0.995916678646 0.997568634665 0.993449346908 259.92869921 259.875531119 259.635156201
105 156.527042293 368.656903709 0.996027895038 0.997596000712 0.993399331442 259.930653607 259.876908354 259.632384958
106 52.9390741266 311.720289642 0.995653909614 0.997590961187 0.993449208648 259.924077912 259.876644642 259.635164868
107 165.385909625 355.038832242 0.995876505681 0.997586490922 0.993324125986 259.928028482 259.876426181 259.628037066
108 135.483102518 264.924598787 0.995997084199 0.997539506901 0.993427141553 259.930109996 259.874114274 259.633903345
109 188.970301515 240.093751819 0.996029468498 0.997577038645 0.993448447945 259.930680795 259.875974661 259.635101745
110 225.820729848 265.107615025 0.995971434319 0.997595160742 0.993464930388 259.929673673 259.876855497 259.636056253
111 199.621364752 332.104673668 0.996016700902 0.997494998785 0.99344936553 259.930470531 259.871879724 259.635156921
112 175.527546893 292.509071566 0.995610391419 0.997574473035 0.993434867381 259.923282981 259.875824459 259.634341453
113 158.502823227 284.399711468 0.995790041144 0.997587230227 0.993450776761 259.926491426 259.876479831 259.635249483
114 179.776066106 361.006578657 0.99595930535 0.997498808282 0.993428002921 259.929434304 259.872010062 259.633948326
115 134.765510408 370.736538117 0.995949226155 0.997591616723 0.993446105699 259.929297228 259.876685263 259.634984433
116 65.1899663607 343.454472471 0.996026990707 0.997582291197 0.993449480213 259.930647427 259.876225298 259.635161591
117 218.315629914 296.129238327 0.996064675718 0.997517654959 0.993394300103 259.931306331 259.872826519 259.631973147
118 229.370589573 297.74234537 0.995076034319 0.997579812665 0.993448724132 259.913775721 259.876077795 259.635126813
119 211.047465699 274.159268123 0.995943850545 0.997594668096 0.993434591375 259.929180937 259.876838498 259.634326505
120 203.909537079 283.897480718 0.995625953269 0.997575006607 0.993453105371 259.923774214 259.875859035 259.635382997
121 112.220797238 339.949898234 0.995954403494 0.997594334584 0.9934239572 259.929392297 259.876824806 259.633748407
122 65.0182893469 360.701098011 0.995943600284 0.997583337481 0.993431729024 259.929157091 259.876288642 259.63416736
123 167.369137226 304.225227641 0.995497370018 0.99757858596 0.993444671834 259.921210535 259.876024319 259.634911748
124 100.322602764 416.364072206 0.995379202194 0.99757870282 0.993446550084 259.919709762 259.87603434 259.63500506
125 149.429647272 329.448915976 0.994151649654 0.997589464889 0.993438471492 259.896934069 259.876569138 259.634540749
126 148.059556461 215.089526963 0.996017123225 0.997508818147 0.993442855066 259.930480372 259.872341009 259.634818003
127 194.404841506 278.676820886 0.994314919557 0.997582650447 0.993446574164 259.89989323 259.876231339 259.634996452
128 119.895105542 245.367930651 0.996023441929 0.997587662313 0.993452177243 259.930586923 259.876496097 259.635314617
129 144.320980286 354.754605143 0.995812333264 0.997573131529 0.993456661021 259.926907415 259.875725748 259.635592327
130 181.036939815 394.006426353 0.995893020081 0.997581541534 0.993364268437 259.928248629 259.876187008 259.630482808
131 174.305891991 297.958124115 0.995934070834 0.997587916232 0.993453133237 259.929024722 259.876483964 259.635367104
132 167.678820973 300.957587418 0.995959807416 0.99759446742 0.993522548004 259.929446211 259.876834764 259.639113801
133 126.222568268 214.751531482 0.9958539014 0.997529354578 0.99344761212 259.927596332 259.873579781 259.635060669
134 76.1020681725 246.64493082 0.995860038315 0.997534912914 0.993427336307 259.927660112 259.873891073 259.633960763
135 148.676594791 285.800361123 0.996028663278 0.997578796729 0.993445010799 259.930669451 259.87603595 259.634926846
136 81.3963727649 364.926841426 0.995939030054 0.997604660411 0.993445022341 259.929121782 259.877348174 259.634929034
137 189.365815509 312.20451123 0.996015676475 0.997593258917 0.993455828399 259.930442712 259.876785512 259.635542365
138 201.039857116 324.495100577 0.995256540412 0.99758856383 0.993449661295 259.917451446 259.876529569 259.635195387
139 3.25964749102 331.670412781 0.995779060763 0.99756709665 0.993452511482 259.926394418 259.875453687 259.635332701
140 204.004727337 267.502133228 0.995909022359 0.997566434613 0.993437966592 259.928555641 259.875391304 259.6345002
141 172.40635945 325.317136853 0.995710406833 0.997588015508 0.993447457006 259.924905555 259.876502448 259.635073646
142 63.4067453481 288.425527827 0.995748980015 0.997592486812 0.993433133471 259.925746651 259.876740034 259.634240691
143 202.988201867 243.761491971 0.995986858666 0.997591756222 0.993212534338 259.929931697 259.876690756 259.622318507
144 199.883192508 367.54853318 0.995705106594 0.997592209575 0.993445955863 259.92497944 259.876727245 259.634972702
145 145.99754273 276.22163425 0.994115879629 0.997564727163 0.993451053292 259.896169817 259.875315761 259.635270799
146 105.295471083 358.284553647 0.995945532103 0.997585684851 0.993417751742 259.929227411 259.876392498 259.633346711
147 45.5493492282 280.656168742 0.99442632659 0.997593755241 0.993441411048 259.900157886 259.876787988 259.634729619
148 108.3900905 359.853753634 0.995939713707 0.997587476309 0.993447867573 259.92910041 259.876481303 259.635084043
149 22.1481608696 264.529098679 0.995947219219 0.997559579237 0.993436235029 259.929264984 259.875085479 259.634424686
150 85.5512934495 281.902348462 0.996043211415 0.997586270297 0.993446508996 259.930933375 259.876427523 259.635016881
151 225.834410963 264.63901903 0.99559588506 0.99757264483 0.993451430523 259.923020397 259.875694777 259.635282666
152 214.479759371 281.072134052 0.995794436776 0.997571658306 0.993450850723 259.92661922 259.875672429 259.635261293
153 209.859601757 275.494322324 0.995146382389 0.997593344388 0.993455558435 259.915444409 259.876787087 259.635517917
154 184.674058503 209.15836785 0.996025614526 0.997572035054 0.993446542695 259.930636509 259.875681267 259.635000004
155 143.329376718 338.605327255 0.995776806174 0.997566534938 0.993450806116 259.92610353 259.875332816 259.635245883
156 146.431969182 289.328438899 0.990823565247 0.997589508315 0.993422393294 259.833297979 259.876589807 259.633659873
157 167.88951278 353.908191762 0.994110803332 0.997592396134 0.993407292093 259.894952188 259.876721749 259.632814993
158 177.735355232 412.746183424 0.995957797511 0.997565671158 0.993433487714 259.929439482 259.875364077 259.634296977
159 144.865140464 275.520460821 0.995991252492 0.997560048529 0.993436405009 259.930002879 259.875095299 259.634436571
160 133.731390073 265.703665651 0.995915508229 0.997532315569 0.993456252524 259.928647746 259.873664403 259.635560483
161 210.398002513 300.373597432 0.995963066604 0.997582357884 0.993443451748 259.929513237 259.87621671 259.634838736
162 119.59463934 304.686201045 0.995752671878 0.997380239329 0.993450266234 259.925798372 259.865746072 259.635213766
163 160.268901969 291.387513992 0.99594762395 0.99758780659 0.99344445524 259.929249009 259.876495871 259.634903428
164 212.789983624 311.845613608 0.99569182254 0.997551578884 0.993453149456 259.9247263 259.874611801 259.635382775
165 261.847269467 283.233332758 0.99597666756 0.997471188918 0.993446876471 259.929749269 259.870824336 259.635030495
166 185.696172607 300.403297864 0.989853300943 0.997578800409 0.993433729251 259.814932872 259.876056127 259.634273358
167 156.248619 351.659186999 0.995704529065 0.997578622154 0.99344186902 259.924994544 259.876024101 259.634741805
168 147.118812954 206.542990713 0.995757009066 0.997595442908 0.993450663069 259.925896279 259.876885205 259.635249461
169 181.353212742 318.878274631 0.994106812857 0.997589196732 0.993451122199 259.896446246 259.876577308 259.635252779
170 168.822972761 298.870860411 0.995822640593 0.997530660278 0.993294885894 259.927089201 259.873748872 259.626501676
171 142.49603772 296.327374819 0.995877871186 0.997557459385 0.993432477724 259.92794637 259.874945018 259.634225765
172 218.692634838 312.753300222 0.995876297513 0.997582682052 0.99344138202 259.928049676 259.876238635 259.634732774
173 91.9613037955 321.444396954 0.995973121134 0.997578139595 0.993440511111 259.929697945 259.875981152 259.634670483
174 166.983493092 315.708233977 0.995973465495 0.997586426404 0.993432119113 259.929669513 259.876433413 259.634218614
175 165.304152106 322.592412847 0.992979397035 0.997552697001 0.993439729968 259.87519025 259.874698428 259.634617206
176 187.348667732 302.418735952 0.995689092667 0.997548778012 0.993448198301 259.924681261 259.874548656 259.635103789
177 165.211345499 191.397177872 0.992550277844 0.997585154376 0.993445682322 259.869405114 259.876346102 259.634956223
178 234.529168894 356.77408728 0.995954959176 0.997574264409 0.993460199055 259.929369476 259.87580671 259.63577958
179 84.5927223364 288.637921821 0.99593784119 0.997550311753 0.993436365175 259.929061296 259.874641801 259.634430777
180 166.664735481 361.140060428 0.995975758488 0.997561236575 0.99339354256 259.929718608 259.875132803 259.631942833
181 208.512243119 301.008369515 0.99499872327 0.99758161005 0.993453317849 259.912515197 259.876186333 259.635407352
182 110.666245927 259.224003747 0.994746201318 0.997586561357 0.993437232383 259.907721458 259.876426259 259.634480439
183 118.1931275 303.819476564 0.996025157807 0.997578683328 0.993434435582 259.93061693 259.876041458 259.634316244
184 176.127799736 311.475776606 0.995927870823 0.997570998306 0.993394416995 259.928886804 259.875683938 259.632137084
185 164.769366345 268.044289088 0.99596345729 0.997439463975 0.993445637118 259.929531098 259.868844118 259.634964266
186 57.3474644811 385.523775696 0.995992524848 0.997593770554 0.993444685358 259.930046177 259.876797766 259.634904808
187 156.316448243 240.686393532 0.995135127562 0.997590799741 0.993457459604 259.914511817 259.876642133 259.635618651
188 88.0712938351 320.043740677 0.995840637379 0.997567978541 0.993419820857 259.927373437 259.875511314 259.633554072
189 166.667516192 304.276262797 0.996025243622 0.997523614686 0.99343318685 259.930621188 259.873109757 259.63426212
190 177.254053381 313.189553781 0.995758768501 0.997581844888 0.993440885165 259.925762748 259.87619689 259.634686151
191 144.857988327 286.478667927 0.995792861264 0.997572070464 0.993437335032 259.926499303 259.875688043 259.634481547
192 182.504508115 415.064104744 0.995910397755 0.997574991259 0.99350738899 259.92856885 259.87588236 259.638420731
193 172.549004072 301.999055257 0.9959305216 0.997592735799 0.993439176039 259.928920001 259.876746783 259.63458253
194 136.83987423 281.377945925 0.995926424061 0.997589510389 0.993446965479 259.928849293 259.87658951 259.63502101
195 111.296856641 331.253623737 0.995826364957 0.997575589485 0.99344366375 259.927132039 259.875878598 259.634834449
196 146.811984733 308.50707183 0.995906892181 0.997467094849 0.993442442097 259.928532228 259.870441078 259.634782968
197 150.293795724 232.398621633 0.996026115328 0.997541277636 0.993453129503 259.930598897 259.874198925 259.63538966
198 171.215105942 147.496720232 0.995935154602 0.997567961439 0.993460546467 259.929024632 259.875514587 259.635813408
199 54.5463129777 258.965172419 0.995907249142 0.997579862759 0.99343906927 259.928525485 259.876098257 259.634595845
200 195.296164179 284.657139036 0.995859044809 0.997573636814 0.993450704882 259.927662502 259.875807119 259.635244522
201 176.808492813 357.495341711 0.995711398703 0.99746821505 0.993444030809 259.925003715 259.870371575 259.634850603
202 172.432806441 239.576970637 0.995689890422 0.997578197159 0.993439522262 259.924509045 259.876009836 259.634598481
203 170.263066197 400.138379618 0.993614401593 0.997589264778 0.993430603752 259.888705312 259.87657027 259.634094819
204 112.295100446 282.40611526 0.995874992807 0.997586657472 0.993456385334 259.927967839 259.876439212 259.635571003
205 134.222893686 310.066695707 0.995586581005 0.997574589321 0.993441529668 259.922794122 259.875848408 259.634709827
206 212.736684871 258.18780785 0.99473218967 0.997582256537 0.993460438311 259.908390792 259.876223791 259.635797466
207 32.0411407388 333.425583646 0.995393352173 0.997393944248 0.99343206888 259.919454596 259.866534167 259.634203621
208 139.566609465 354.064656774 0.991574478972 0.997585010732 0.993451200464 259.851389256 259.876351166 259.635276457
209 215.971793783 348.8697713 0.995951238743 0.997570716696 0.993430683514 259.929327731 259.875636865 259.634097575
210 171.845318054 285.848999595 0.995130472455 0.997589455912 0.993440896351 259.914130035 259.876570887 259.634694327
211 256.04023574 316.554867423 0.995826257336 0.997586972481 0.993415021344 259.927030266 259.876448334 259.633222736
212 61.635522368 301.898269375 0.995829691198 0.997584178768 0.993452712704 259.927206545 259.876315918 259.635348894
213 172.948419577 316.374055273 0.995854673858 0.997581357028 0.993437112366 259.927606495 259.87618396 259.634476813
214 137.375996161 424.306387687 0.99572077353 0.997504300725 0.993456760941 259.925177729 259.872417266 259.635585475
215 209.084817277 345.332017296 0.995733506495 0.997559233064 0.993444181029 259.925498201 259.875048988 259.634879993
216 162.143725142 329.96648029 0.995939842485 0.997594737631 0.99342712487 259.92912596 259.8768426 259.633947855
217 128.131582534 252.119456572 0.995566686695 0.99758807726 0.993456520634 259.922592868 259.876507209 259.635583439
218 211.136374429 321.772907199 0.995997238525 0.997567618883 0.993425402182 259.930146597 259.875477961 259.633900508
219 233.97262918 287.261975554 0.99587893922 0.997578741193 0.993440253071 259.928054081 259.876062194 259.634665479
220 56.4895343356 303.087733285 0.995165523131 0.997595083752 0.993455518023 259.915366739 259.876863502 259.63551738
221 165.734171455 284.146905362 0.996001693442 0.997583997062 0.993446695779 259.930208555 259.876333914 259.635009507
222 141.038886092 335.883256484 0.994876703853 0.997580411294 0.993446451638 259.9083929 259.876136872 259.634996083
223 91.9867676465 399.120356383 0.995123932307 0.997571946276 0.993435987669 259.914888586 259.875676601 259.634410791
224 124.587528487 307.893226124 0.994043011539 0.997579483257 0.993443008372 259.895575686 259.876083523 259.63479885
225 202.46792352 399.060496672 0.995516314062 0.997588819961 0.993429528608 259.921576042 259.876529038 259.634105945
226 176.318422547 254.978885812 0.995940400659 0.997462653065 0.993423605731 259.929087625 259.870362088 259.633681199
227 186.597358545 358.603324054 0.995974202962 0.99756161523 0.993441894325 259.929730265 259.875195742 259.634741004
228 165.542254789 237.392264754 0.995451950871 0.997601362184 0.993429191478 259.920238066 259.877181171 259.634025121
229 132.556944368 290.385798052 0.995836069136 0.997576461516 0.993436794472 259.927296407 259.875925755 259.634449832
230 130.744163612 381.909237782 0.996019672684 0.997555273748 0.993453828044 259.930512629 259.87482926 259.635440883
231 173.293683429 274.00720338 0.995827378421 0.997580064479 0.99343708738 259.927128235 259.876118013 259.634464508
232 153.32108426 407.812969095 0.995952810073 0.997588831246 0.993453330055 259.929319249 259.876545473 259.635402917
233 177.686487611 300.088677513 0.9956643066 0.997579480749 0.99343459617 259.924443145 259.876062791 259.634328588
234 158.551404722 307.176072064 0.99601134083 0.997591198616 0.993445190496 259.93038221 259.876672386 259.634934599
235 218.246313309 300.779166617 0.995649367615 0.997582941767 0.99342537182 259.924058493 259.876259353 259.633823585
236 239.962745888 348.993189618 0.995978641025 0.997591796609 0.993318164312 259.929798867 259.876702828 259.628085945
237 175.414395012 326.534421917 0.996002395339 0.997588680275 0.993223001186 259.930215418 259.876546566 259.622253083
238 211.05535347 302.632498735 0.995996959628 0.997585719983 0.993436330541 259.930149666 259.876397743 259.634427793
239 84.2874772954 394.417361576 0.995934246501 0.997590984519 0.993446388818 259.929034788 259.876658547 259.635006968
240 150.529043219 263.105456116 0.993411063052 0.997587799424 0.993433916987 259.883211586 259.876504302 259.634294108
241 136.093141256 321.748209389 0.995967101844 0.997543746203 0.993449945047 259.929588467 259.874278083 259.635200608
242 155.487625003 378.456877687 0.995991320203 0.997587574483 0.993449058773 259.930004929 259.876490477 259.635156811
243 168.276711171 199.626375148 0.996005856954 0.997583410279 0.993455270964 259.930259027 259.87627757 259.635502045
244 241.001409158 216.39486256 0.9960325913 0.997518774664 0.993445211568 259.930739717 259.872868685 259.634939019
245 184.231894464 304.040635054 0.995992803242 0.997568314894 0.993443034711 259.930050317 259.875506483 259.634798684
246 194.554397713 231.96528258 0.995085110349 0.997576602223 0.993465713344 259.913789317 259.875916916 259.636081453
247 89.4884713123 292.419989416 0.995993826506 0.997564142083 0.993437064029 259.930022851 259.875301226 259.634476943
248 174.550947158 331.351388328 0.989989186115 0.997514863005 0.99343680582 259.819611182 259.872942243 259.634447459
249 172.496138353 323.290629229 0.995944346001 0.997569448727 0.993455837293 259.929161432 259.875563441 259.635536895
250 86.917978725 363.997233437 0.995178545178 0.997585073483 0.993439053075 259.915417129 259.876343643 259.634581773
251 59.3496640385 187.679600213 0.996055680541 0.997581710041 0.993449242849 259.931138672 259.876207298 259.635155554
252 97.1431865215 265.109388389 0.995996632552 0.997577615543 0.993449752667 259.930103055 259.875992076 259.635184232
253 138.01944457 359.612094096 0.99596490386 0.997589201849 0.993446979254 259.929541086 259.876573155 259.635020057
254 104.501399502 276.744352083 0.995899172633 0.997579594615 0.993436126009 259.928372246 259.876089976 259.634413869
255 216.165230142 298.886169172 0.995950395194 0.997569877495 0.993439054871 259.929299071 259.875620471 259.634599635
256 224.699667059 412.363000726 0.995732359062 0.997559052982 0.993437911371 259.925504487 259.875080515 259.634512459
257 161.921830848 304.094007253 0.995660497507 0.997571985287 0.993442708612 259.924110931 259.875704413 259.634801114
258 127.715970737 352.54716798 0.996010513317 0.997576444903 0.993440740516 259.930358536 259.875943676 259.634668588
259 125.099995799 411.886652573 0.996014721209 0.997574412086 0.993428847321 259.930435878 259.875826848 259.633992744
260 115.019279666 371.258665601 0.995999954249 0.997535779832 0.993435167136 259.930150661 259.873880792 259.634355633
261 1.82909495504 210.257359941 0.995676061552 0.997580463457 0.993443860776 259.924464678 259.876117603 259.634857192
262 248.090737354 349.271043696 0.996019642784 0.997581650179 0.993448080581 259.930508162 259.876178695 259.635097663
263 80.9949997073 322.073524176 0.996001928276 0.997581486852 0.993444838973 259.930191887 259.876176337 259.634911705
264 178.223326115 330.951202064 0.995961528021 0.997577818533 0.993382636248 259.929497263 259.876001801 259.631345838
265 167.4516691 367.922468537 0.995243396246 0.99755728939 0.993434544426 259.916909501 259.874935729 259.634319877
266 166.065039121 301.680385792 0.995767106633 0.997580296514 0.993433578394 259.926041859 259.876145714 259.634266315
267 83.3016033646 307.15687192 0.995930312447 0.997594338855 0.99344047414 259.928901828 259.876824464 259.634669513
268 159.338170322 286.292264875 0.995993210377 0.997589188014 0.993443928441 259.929997443 259.876581729 259.634866464
269 179.992760155 327.865224702 0.993366219268 0.997584797032 0.993445466144 259.8782768 259.876336601 259.634940604
270 179.011095329 283.602577625 0.995983700578 0.997499370227 0.993442324991 259.929897113 259.871854796 259.634772384
271 224.00739541 312.269738657 0.995896886486 0.997494384632 0.993445058592 259.92835679 259.871692974 259.634917371
272 136.747220283 328.444080984 0.995801171259 0.997582708188 0.993434309705 259.926648747 259.876238481 259.63433391
273 268.348639564 300.645449525 0.995911013486 0.997590136613 0.99343960165 259.928573507 259.876613064 259.634605046
274 151.098876892 259.975817373 0.995346582379 0.997504018332 0.993427517849 259.918843631 259.8723758 259.633954045
275 55.691346428 251.121379111 0.995917457006 0.997559661422 0.993447255858 259.928672187 259.875099268 259.635068416
276 144.992391167 267.179912088 0.995952629756 0.997572615955 0.993429072815 259.929325336 259.875727793 259.634040826
277 190.660410769 386.227388082 0.986187713956 0.997569737295 0.99343823904 259.736037213 259.875606334 259.634540689
278 214.09736665 286.501302251 0.995262586378 0.997589903555 0.993448210331 259.917694943 259.876614413 259.635105055
279 157.290139683 329.364734737 0.995927849551 0.997571407979 0.99344099551 259.928900086 259.87569433 259.634707024
280 217.078152558 379.415591649 0.996002760154 0.997576156233 0.993447100188 259.930247313 259.875912706 259.635027459
281 186.784656903 297.780046156 0.995893778323 0.99755353926 0.993444725637 259.928323072 259.874732824 259.63492647
282 106.086342954 375.616449217 0.995938697991 0.997581333482 0.993436742948 259.929109514 259.876172694 259.634463941
283 111.881040115 221.82090578 0.996013542376 0.997584187037 0.99342636949 259.930400165 259.876317998 259.633875206
284 109.360519007 274.823814066 0.995793999117 0.997584206731 0.993457098383 259.926592795 259.876315832 259.635599606
285 179.86691012 277.779384588 0.993978520206 0.997586203673 0.993452738276 259.891700468 259.876419024 259.635365014
286 170.131715377 333.704230434 0.995967789204 0.997578530625 0.993426706738 259.929567935 259.87602459 259.633927711
287 220.53714429 328.716144931 0.995802468542 0.997583514381 0.993451242358 259.926749409 259.876273053 259.635268844
288 200.809919654 278.427604748 0.99600334493 0.997576016705 0.993429104369 259.930208911 259.875901822 259.634015527
289 182.948969204 367.250147577 0.995106016711 0.997579816444 0.993441773022 259.912804329 259.876080362 259.634739827
290 122.211628049 375.539049435 0.996022351642 0.997593036651 0.993451530296 259.930559969 259.876760483 259.635282702
291 162.942985035 362.281416845 0.995533920201 0.997568301815 0.993433878178 259.922005406 259.875509896 259.634293119
292 205.61222529 375.289140354 0.995810863844 0.997565270075 0.993457008955 259.926767057 259.875413235 259.635608774
293 179.641200735 271.110014807 0.995434460926 0.997565221109 0.99342922874 259.920056021 259.875371086 259.634024611
294 86.4123454397 311.010565435 0.987130580757 0.997578544099 0.993421956712 259.767850856 259.876022997 259.633659124
295 138.84815752 222.682058666 0.995982139108 0.997591604997 0.993462042191 259.929872952 259.876681201 259.635881672
296 168.816123303 318.335388737 0.995050680305 0.997602680818 0.993435954605 259.912979285 259.877249899 259.634399684
297 149.612862922 220.987976092 0.995738825644 0.997548906968 0.993441576773 259.925688247 259.874615602 259.63473249
298 129.079049635 333.93514173 0.996032413914 0.99759412427 0.993449009592 259.930735831 259.87681589 259.635156031
299 229.691510097 306.573371706 0.995849032426 0.997556125003 0.993453085161 259.927374065 259.874903461 259.635378546
300 137.677210962 353.943463007 0.993633113381 0.99756902136 0.993348632254 259.889431447 259.8755663 259.62952348
301 142.971795612 281.277164106 0.996003319693 0.997574093244 0.993423974023 259.93022153 259.875791432 259.633730562
302 94.7975684918 336.978997765 0.995978971771 0.997474247374 0.993439376655 259.929749136 259.87061039 259.634604477
303 137.849525802 209.049477222 0.995967233549 0.997584025124 0.993435379774 259.929567559 259.876311056 259.634371101
304 82.8736996762 257.13901665 0.994661214195 0.997582725726 0.993437157383 259.905683091 259.876223479 259.634463152
305 164.265286505 382.223502572 0.995786920059 0.997526240943 0.99344677331 259.926546669 259.873436298 259.635022372
306 153.506895705 266.578976039 0.996023477958 0.997581785265 0.993453240512 259.930580009 259.87618112 259.635391037
307 131.581180766 309.648903214 0.995824559867 0.997585344569 0.993433766479 259.927078582 259.876377033 259.634291209
308 73.7250236089 323.500859983 0.995986047391 0.997571677132 0.99341174939 259.929943248 259.875656862 259.633058413
309 160.560997152 353.039243802 0.995814380193 0.99758266046 0.993489328313 259.926881048 259.876240575 259.637369505
310 217.283586284 370.382892968 0.99602514588 0.997582237149 0.99345291309 259.930596048 259.876218431 259.635364324
311 188.939442382 275.188201349 0.99604138101 0.997577852565 0.99345228409 259.930898591 259.875977117 259.63533446
312 236.708661497 341.530324548 0.99605140849 0.997583738797 0.993435979284 259.93106976 259.876283826 259.63441242
313 119.541857571 305.429951928 0.995878433741 0.997592047421 0.993439408964 259.928100842 259.876707769 259.634585284
314 216.176369559 234.033106231 0.995983717671 0.997581873072 0.993443265463 259.929847111 259.876186516 259.634808976
315 143.812380968 295.847851355 0.996040272902 0.997572181281 0.993441201184 259.930878153 259.875713271 259.634716365
316 215.061210622 265.941578154 0.995914302821 0.997592694089 0.993447909037 259.928656925 259.876737258 259.635080635
317 151.068653329 281.740398239 0.995960875227 0.997593173178 0.993459373388 259.929475526 259.876763271 259.635731684
318 75.2273888947 327.373442812 0.996010307785 0.997585121862 0.993410498619 259.930351304 259.876364426 259.632944155
319 149.152416575 327.409784919 0.995956205583 0.997550890061 0.993438346657 259.92938769 259.874611285 259.634539561
320 191.982990639 341.313192994 0.99591662468 0.997590292851 0.993393623338 259.92876101 259.876617663 259.632133219
321 56.3339487987 309.47425593 0.996004349077 0.997593093856 0.993445185104 259.930240726 259.876757642 259.634930997
322 166.424773012 334.845552245 0.995949233576 0.997595104389 0.993461013287 259.929286234 259.876860634 259.635825072
323 186.963796 240.855446707 0.995983140675 0.997583306087 0.993420675237 259.92989752 259.876256335 259.633520316
324 168.636966599 367.675287023 0.99602330125 0.997555650723 0.99345501182 259.930585736 259.874870853 259.63548036
325 255.818441106 291.989016523 0.99528788483 0.997593396132 0.993448960586 259.917914279 259.876783171 259.635135743
326 82.8428382584 273.07975322 0.994767680015 0.997561771208 0.993437177582 259.908175608 259.875203648 259.634476624
327 167.455812132 217.408361178 0.996024413165 0.997591978875 0.993433217147 259.930598725 259.876702526 259.634283216
328 168.915110076 268.598570872 0.995932902596 0.997586541504 0.993443811276 259.928997596 259.876425729 259.634856682
329 228.853423627 188.34530977 0.995962497021 0.997579828176 0.993439323409 259.929489267 259.876088394 259.634609242
330 148.327455134 248.689314767 0.996010100379 0.997589472043 0.993434690174 259.930349241 259.876569921 259.634321772
331 116.434161376 243.705190849 0.995927043224 0.997567147788 0.993416537142 259.928930832 259.875400887 259.633312069
332 185.296832688 277.927061265 0.996043649479 0.99758197053 0.993450525918 259.930936027 259.876203421 259.635229896
333 144.658689407 281.854803042 0.994742699024 0.997595017777 0.99344557225 259.908295089 259.876856145 259.634968265
334 66.5690685461 254.865423195 0.995967750496 0.997589799094 0.993386113244 259.929592456 259.876607404 259.63168168
335 136.024477486 241.733997973 0.99603996484 0.99758217336 0.993433165828 259.930880006 259.876209883 259.634257851
336 158.152335101 330.351703412 0.995623340495 0.997584827593 0.993439456743 259.923485385 259.876342026 259.634618479
337 134.881871541 323.911402438 0.995979420796 0.997494140936 0.993418453544 259.929804422 259.87162087 259.633417115
338 207.524235697 372.99144754 0.995930199873 0.997581522478 0.993330854141 259.928929027 259.876214776 259.628658321
339 170.233831029 365.648370764 0.99526806196 0.997575262954 0.993459553326 259.917275126 259.875865585 259.635746706
340 181.618668968 255.276410475 0.99562944755 0.997582839505 0.993455020008 259.923471027 259.876240775 259.635480502
341 103.189328659 271.141194086 0.990233359205 0.997422867097 0.99345195693 259.827720597 259.868170915 259.635320689
342 101.70519308 336.948153537 0.995911876368 0.99756910396 0.993447239717 259.928583577 259.875529593 259.635056322
343 292.744975615 333.656673938 0.99590916887 0.997595781159 0.993460201999 259.928508995 259.876895055 259.63577848
344 221.931306183 261.467644974 0.995998304087 0.997530662858 0.993453523302 259.93016494 259.873623528 259.635404848
345 76.4162747525 268.330760607 0.995439668174 0.997575366559 0.993450176745 259.920189827 259.87584956 259.635215783
346 284.671269193 273.249193795 0.995947007317 0.997577907576 0.993446324149 259.929237443 259.875989309 259.635010827
347 202.818846733 358.17286762 0.995823257311 0.997582597612 0.993438000274 259.92706937 259.876224201 259.634535802
348 219.49840597 245.73250616 0.99592205113 0.997563012287 0.993456401195 259.928806027 259.875254183 259.635571397
349 238.590734944 258.13833791 0.995674146886 0.997565109935 0.993435197943 259.924418684 259.875363223 259.634383407
350 164.011477827 334.54531854 0.995925548617 0.997541485043 0.993448510879 259.928798234 259.874215219 259.635131403
351 207.379793808 289.525766379 0.996004840751 0.997589318239 0.993440031373 259.930239819 259.87656627 259.634633934
352 164.213806844 320.857992224 0.99596464794 0.99758285998 0.993437449541 259.929525373 259.876240012 259.634500961
353 185.132045994 257.787596586 0.995729496999 0.99758395358 0.993439502011 259.925535671 259.876294555 259.634606201
354 242.011874613 293.519476618 0.995797998814 0.997597039293 0.993437919752 259.926355174 259.876968015 259.634526862
355 194.375036848 264.146657782 0.995835967665 0.997584046691 0.993424504744 259.927280868 259.876317886 259.63376462
356 131.804256367 349.964725437 0.996019370823 0.997589965152 0.993446589195 259.93050515 259.876602985 259.635017155
357 182.983652051 406.797056242 0.995804785881 0.997595415913 0.993434293542 259.926662397 259.876881069 259.63431283
358 47.3475823297 314.224131054 0.995950415745 0.997588333943 0.993443041757 259.929286102 259.876531828 259.634812938
359 8.46935585438 323.521398016 0.993568615234 0.997578555447 0.993431685705 259.886552628 259.876013606 259.634173542
360 206.207039638 265.129240342 0.995934202282 0.997592051713 0.993468068617 259.928990585 259.876711632 259.636224429
361 172.12831713 337.3676264 0.995454756453 0.997581283378 0.993464627907 259.920767443 259.876165439 259.636030887
362 150.084815766 334.680173439 0.995761807493 0.997565110024 0.993443901307 259.925909648 259.875372697 259.634852439
363 85.4663687859 354.668733581 0.995776898381 0.997578215637 0.993451153131 259.926170607 259.876031516 259.635269615
364 130.440873488 325.848952245 0.995803956719 0.997571342331 0.99344768125 259.926718835 259.875653588 259.635063497
365 133.851333868 325.232445735 0.995917877697 0.997581500735 0.993440513834 259.928683748 259.876169908 259.634663288
366 176.622431061 397.057729244 0.995998669045 0.997583903489 0.99342580466 259.930121596 259.876295007 259.633861553
367 166.65576639 293.328715067 0.995995009436 0.99759062575 0.993423527628 259.930067655 259.87663849 259.633682159
368 67.1349387711 331.06984764 0.995730344293 0.997590011159 0.993441566172 259.925402052 259.876599614 259.634732129
369 207.751069701 222.760301426 0.995846313638 0.997578673029 0.993445832857 259.927486426 259.876015283 259.6349602
370 142.790339917 325.793955519 0.995902137131 0.997553320727 0.993430465989 259.928353524 259.87468541 259.634084564
371 52.6893320622 333.016469359 0.995845619393 0.997591420877 0.993448232535 259.927407379 259.876678233 259.635090588
372 89.9063185731 341.491127814 0.995318475907 0.997592300401 0.993356861842 259.918004342 259.876725521 259.630089475
373 182.295235511 314.851203818 0.995972118422 0.997541973318 0.993437200955 259.929684426 259.874182808 259.634475661
374 147.456599442 276.090278819 0.995958299064 0.99759009908 0.993447599095 259.929428828 259.876601202 259.635067753
375 128.51311225 321.387192579 0.994825491239 0.997582386658 0.993440832261 259.909697479 259.876238931 259.634685094
376 202.68934992 396.054760753 0.996028157281 0.99756020281 0.993451035497 259.930674199 259.875055832 259.635259192
377 230.63028077 279.029387761 0.995964299918 0.997582207163 0.993421421941 259.929577839 259.876215774 259.633603538
378 208.994957581 309.313587451 0.995971236931 0.997576368106 0.993454341119 259.92956222 259.875958273 259.635457268
379 49.1273671116 274.465534948 0.995886397847 0.997570437234 0.993420308336 259.928139475 259.875628599 259.633551392
380 204.205836148 264.09046954 0.995968722355 0.997559113873 0.993444451437 259.929613375 259.875088436 259.634922916
381 198.985398876 322.680325888 0.995905400224 0.997595171164 0.993438642121 259.928535566 259.876865615 259.634549349
382 131.863644951 342.162917038 0.996007568378 0.99760025285 0.993444703003 259.930296509 259.877119708 259.634918064
383 117.479074971 322.053678379 0.995958429521 0.997580225364 0.993432790357 259.929412284 259.876121017 259.634209838
384 64.2401494794 255.718650912 0.995467992572 0.997653338011 0.993436912523 259.920755945 259.879896723 259.634490477
385 224.864503979 317.052673715 0.995780307898 0.997577165048 0.993437022462 259.926332402 259.875943164 259.634483326
386 98.9258180755 259.567249109 0.996021853495 0.997586402618 0.993444896398 259.93054675 259.876430102 259.634915601
387 69.9908078833 373.942723611 0.996016162052 0.997584604993 0.993436550596 259.930435505 259.876316371 259.63445355
388 102.209030029 433.014236381 0.995929456152 0.997578509748 0.993442614162 259.928935493 259.876041079 259.634814599
389 139.939165834 316.029712834 0.995970281265 0.997594605588 0.993424979928 259.929648982 259.876840541 259.633783104
390 91.5649307153 368.676819012 0.995991907218 0.997438945601 0.993294247741 259.930026997 259.869184664 259.626311232
391 135.945543264 242.190517218 0.995930862534 0.997502051072 0.993429248598 259.928954043 259.872283798 259.634023664
392 203.929819821 259.418384284 0.995822652628 0.99756924429 0.993445436595 259.927155877 259.875542272 259.634940919
393 214.678357565 216.901197923 0.995133423442 0.997584328306 0.99345661763 259.91543912 259.876343887 259.635596588
394 135.784236423 260.388679962 0.995978826526 0.997583906955 0.993155223668 259.929791591 259.876279516 259.619150739
395 221.191468237 308.234445589 0.995999858162 0.997571487814 0.993447311797 259.930164359 259.875671751 259.635050051
396 74.9377494414 379.288470113 0.994048863637 0.997583861603 0.993443043903 259.89574865 259.876286378 259.634802815
397 107.82570604 296.080011513 0.995785427985 0.997551042506 0.993593255543 259.926563136 259.874597793 259.643247756
398 93.8170576455 294.912715308 0.996036826396 0.997487072523 0.993436584166 259.930812459 259.871198961 259.634442955
399 137.534142379 240.621014052 0.995901416204 0.99758481906 0.993437927631 259.928454633 259.876348892 259.634525178
400 186.980934708 235.756779411 0.995164222589 0.99758194226 0.993441577987 259.915820281 259.876192602 259.634719284
401 147.21182853 301.169611365 0.995839215456 0.99757954519 0.993429684075 259.927433047 259.876065812 259.634045171
402 136.383770528 315.998158046 0.996037030224 0.997585893288 0.993418461883 259.930813098 259.876401488 259.633458348
403 100.074782621 219.672847829 0.995981207556 0.997593245707 0.993443895556 259.929837842 259.876773457 259.634862232
404 236.257632871 254.62538126 0.99580589636 0.997583577407 0.993443135588 259.926763599 259.876273604 259.634814285
405 110.333877537 324.248349688 0.995999980087 0.997564613152 0.993442464579 259.930168778 259.875314701 259.634769941
406 219.583830394 343.518011867 0.99601942253 0.997535361741 0.993461407452 259.930530647 259.87384586 259.635851824
407 199.139000839 301.624907619 0.995954232193 0.997572012293 0.993456529645 259.929369134 259.875739726 259.63558646
408 209.134868405 305.980478301 0.995487138819 0.997588061292 0.993436061141 259.92102595 259.876513465 259.634422832
409 149.720723907 290.013161792 0.995614399339 0.997538820867 0.993430773444 259.923464124 259.873939072 259.634108233
410 145.033018371 251.126256974 0.995913392433 0.997588351668 0.993439884355 259.928672813 259.876513358 259.634622527
411 103.526920308 253.146983339 0.995908894513 0.99755919287 0.993453154284 259.928588577 259.875078747 259.635384505
412 143.457871949 286.593471885 0.995970944914 0.997590512011 0.993437419596 259.929672717 259.876625708 259.634483082
413 236.286797056 185.269229158 0.995915740026 0.997576198839 0.993450840726 259.928680096 259.875913043 259.635257435
414 137.509204812 319.403244079 0.995520024863 0.997591136502 0.993439084759 259.921782739 259.876665408 259.634592291
415 203.770149644 384.742301091 0.995332750223 0.99758142337 0.993435893289 259.918724077 259.876182219 259.634393752
416 146.448985307 302.727392977 0.995992024421 0.997558387331 0.993449541572 259.930029885 259.875011112 259.635185808
417 157.414068984 377.127118659 0.995693133119 0.997579471539 0.993437190201 259.924720487 259.876064518 259.63447991
418 206.274875497 276.415112215 0.995000501491 0.997595775316 0.993324323844 259.912563274 259.876910039 259.628299042
419 19.8156264357 368.911368683 0.995758631545 0.997570532469 0.993452347488 259.925959145 259.875643899 259.63534753
420 108.762584457 277.902207951 0.995771043429 0.997552382646 0.993421726211 259.926011286 259.874706296 259.633593971
421 330.508603914 220.69143914 0.995914515012 0.997579020654 0.9934368531 259.928685687 259.876059759 259.634464027
422 167.242565879 402.661763041 0.995999124678 0.9975811283 0.993438331788 259.930166549 259.876150469 259.634540563
423 116.20116193 296.070305543 0.996022752232 0.997590513377 0.993449175019 259.930591101 259.876648033 259.63515164
424 171.783132497 322.725056217 0.995663278486 0.997592400826 0.993451380898 259.924190231 259.876734075 259.635284656
425 125.677116231 217.082597263 0.99550213913 0.997581641468 0.993447136106 259.92135024 259.876183497 259.635042067
426 105.216849059 295.999914876 0.985636402871 0.997561652401 0.993450331029 259.737185335 259.875125442 259.635207844
427 172.524506665 298.603715727 0.995756581556 0.997525338921 0.99344489336 259.925999243 259.873434726 259.634918625
428 119.876861457 268.947728709 0.995924996739 0.997566204799 0.993444669493 259.928882019 259.875372679 259.634901736
429 163.624201712 281.948177399 0.995971797532 0.997566436421 0.993440793244 259.929691626 259.87546832 259.634675419
430 169.15881174 290.882749295 0.995366736596 0.997575945294 0.993439491182 259.919140108 259.875922536 259.634606473
431 137.256336635 371.057628952 0.995830422786 0.997562607735 0.993456938185 259.927129677 259.87521075 259.635593573
432 158.888449205 329.30977581 0.996044898784 0.997590013195 0.993452311967 259.93095811 259.876609792 259.635327182
433 143.010312107 367.215729832 0.996040712619 0.997590824608 0.993443984085 259.930887846 259.87664997 259.634859216
434 29.6387333182 309.003006836 0.996032165198 0.997533396393 0.993441329187 259.930731073 259.873830678 259.634687939
435 105.976100208 338.50890316 0.996019137793 0.997583300251 0.993450463068 259.93051492 259.876294527 259.635224839
436 135.648145756 339.290102617 0.995695876132 0.997571403987 0.993442352707 259.925000406 259.875671009 259.634777931
437 127.862272113 250.304739358 0.995479075711 0.997587561407 0.993452322025 259.92090956 259.876480701 259.635334673
438 124.30092261 313.078613519 0.995700660531 0.997594497719 0.993442083258 259.924937368 259.876826505 259.634758787
439 195.392730972 273.948812359 0.995938964161 0.997587653085 0.993442987561 259.929086386 259.876486096 259.634803883
440 235.369292772 282.754425377 0.996038526193 0.997572864902 0.993442776544 259.930843103 259.875737294 259.634780846
441 237.565820012 306.794795396 0.99573367418 0.997588429377 0.993442723157 259.925451535 259.876528778 259.634792869
442 157.660238744 233.836580898 0.99569435688 0.997540135521 0.993440916343 259.92483858 259.874187315 259.634693906
443 126.623540895 294.112016682 0.99596194782 0.997578476577 0.993444311634 259.929488954 259.876039893 259.634877751
444 15.6508996858 317.560353407 0.995865650594 0.997583879931 0.993446998397 259.927770082 259.876299479 259.635040212
445 112.464548531 270.441628861 0.995816607429 0.99759324328 0.993408507975 259.926908867 259.876766633 259.632909356
446 102.724021425 345.965665613 0.995945150873 0.997593844187 0.99343436734 259.929183037 259.876802415 259.634323846
447 93.4720861113 299.352032204 0.99597826187 0.997593948489 0.993454054455 259.929801796 259.876806139 259.635427507
448 104.574315104 279.328106126 0.995072436226 0.997570159397 0.993445843668 259.914009694 259.875615411 259.634955262
449 116.184010486 380.604158036 0.995305843089 0.997577704481 0.993452987469 259.917760235 259.876007666 259.635395872
450 193.125597428 393.099764008 0.995852974343 0.997565892772 0.993428706037 259.927673438 259.875372909 259.633999018
451 152.446502405 275.613759123 0.996006187604 0.997573315889 0.993438133739 259.930272075 259.875767729 259.634541781
452 201.021421079 281.376450819 0.99600342605 0.997582201007 0.993509775815 259.930214967 259.876206518 259.63871498
453 168.190085089 195.494690038 0.996004858822 0.997569131085 0.993466165521 259.930259304 259.875559428 259.63612237
454 74.1797571788 246.469248225 0.995986209441 0.997594016041 0.993452663498 259.929945185 259.876807151 259.63535032
455 140.313797602 360.191520418 0.995899866664 0.99759858935 0.993432610779 259.928438216 259.877038864 259.63422521
456 81.3969108622 311.923720474 0.995950534156 0.997560041126 0.993419560218 259.929340616 259.875035294 259.633467575
457 274.071432908 283.526111802 0.995957797196 0.997592965636 0.993442729209 259.929377217 259.87675638 259.634784054
458 155.969382289 254.753762304 0.995883027321 0.997556112355 0.993222575869 259.928008362 259.874922112 259.622864328
459 176.112053626 328.6617636 0.996042684702 0.997583155401 0.993462776439 259.930917109 259.87628107 259.635829535
460 201.119918647 307.412570662 0.995920553905 0.997593852217 0.993441907307 259.928830089 259.876803428 259.63474509
461 185.614655392 341.915699237 0.995856437048 0.997584448202 0.993438095155 259.927653345 259.876328064 259.634519968
462 111.868508754 203.236796087 0.995947481143 0.99758672886 0.993411977313 259.929189312 259.876422505 259.633046157
463 200.396360594 256.856553264 0.995953852965 0.997579306956 0.993447014039 259.929369869 259.87606968 259.63503148
464 178.613245293 231.156064525 0.996022948303 0.997558224749 0.993431312397 259.930569397 259.875050446 259.63414201
465 196.655875651 212.205781223 0.996011317323 0.997577617828 0.993460105109 259.930347603 259.87598256 259.635780246
466 182.105057054 338.686397312 0.995737249611 0.997529859589 0.993457341767 259.92551103 259.87355532 259.635621552
467 88.4940661681 254.824632571 0.995262649188 0.997491851227 0.99345046304 259.916814581 259.871599692 259.635237045
468 202.9557661 301.980280973 0.995995862943 0.997595893888 0.993444833955 259.930081695 259.876898619 259.634918952
469 152.116750752 303.458179029 0.995906922916 0.997568897926 0.993384435317 259.928523851 259.875536098 259.63150357
470 171.931697704 243.217992788 0.995795564263 0.997636109849 0.99345347034 259.926578075 259.879118903 259.635397626
471 154.310251654 201.695238514 0.996007374624 0.99758849433 0.993443683106 259.930297251 259.876531513 259.634855349
472 163.018603585 389.305306481 0.995586749881 0.997566253165 0.993451393116 259.922678862 259.875462044 259.635311529
473 227.609747547 294.066417646 0.996020066223 0.997593228605 0.993438990307 259.93052597 259.876773556 259.634576129
474 248.883760365 305.259244654 0.995879545341 0.99759062849 0.993438087532 259.928048637 259.876639523 259.634525529
475 133.720571017 200.363085893 0.995878251829 0.997594055281 0.993445341267 259.928003389 259.876807786 259.634962188
476 181.256422896 338.932468266 0.995909829434 0.997594533686 0.993445206745 259.928574468 259.876828509 259.63492842
477 151.363069366 295.987534935 0.996016135803 0.99752172387 0.993437398601 259.930452189 259.872992822 259.634488048
478 140.792672681 342.33812288 0.99592873002 0.997595480093 0.993434285453 259.928881486 259.876872515 259.634318081
479 183.200014358 225.768763462 0.995993151208 0.997572930677 0.993447497578 259.930044766 259.875751117 259.635064034
480 100.90683925 368.637745527 0.995996245667 0.997592286093 0.993435611199 259.93007665 259.876717451 259.63438754
481 207.413178242 410.334836992 0.995912277272 0.997589558001 0.99344904612 259.928591396 259.876584487 259.635150708
482 173.835391807 308.246418525 0.996028199247 0.997594620342 0.993435731348 259.930661429 259.87683591 259.634406582
483 116.910094747 384.488316357 0.995950305298 0.997588444255 0.993428841685 259.929334831 259.876549432 259.634038698
484 177.755263898 256.716049698 0.990365056422 0.997590559397 0.99344784611 259.828280905 259.876639893 259.635076245
485 139.914096825 283.482964783 0.995973637895 0.997587268265 0.993354051521 259.929727567 259.876457576 259.629754241
486 170.722894966 381.751202543 0.99596793064 0.997577752009 0.993435707426 259.929556607 259.875977852 259.634382898
487 176.591602939 327.795647004 0.995976207554 0.997581655365 0.993432587849 259.929734076 259.876203578 259.634236758
488 201.979669195 303.421194182 0.995909103336 0.997578346733 0.993437540069 259.92857775 259.876024165 259.634500114
489 134.542230153 206.353520313 0.995907979428 0.997573685662 0.993444290852 259.928558564 259.875790803 259.634876294
490 83.5911497093 267.909208877 0.995992559541 0.997575799925 0.993358576573 259.930029053 259.875884872 259.630223439
491 143.195343735 257.487086296 0.996038975307 0.997463550513 0.993460146563 259.93085738 259.870070166 259.635791167
492 175.35293865 361.741104068 0.99560672662 0.997590789165 0.993440481376 259.92327058 259.876639904 259.634676848
493 245.57480168 260.734106018 0.995775673406 0.997544131993 0.993452270652 259.92627712 259.874286536 259.635331144
494 107.770328929 327.147574302 0.995941905695 0.997580327755 0.993435733494 259.929125869 259.8761272 259.63439463
495 69.218729818 241.513994197 0.995962494319 0.997584784487 0.993418767289 259.929538613 259.876334881 259.633454057
496 172.866398676 325.111686493 0.996021895701 0.997556051008 0.993426357384 259.930569953 259.874891923 259.633928586
497 167.155794578 311.476755301 0.99492597278 0.997565438396 0.993450497342 259.911670902 259.875383341 259.635226055
498 139.084631758 335.219287634 0.996014224779 0.997583545057 0.993124693454 259.930404629 259.876271933 259.61739034
499 62.5917347138 346.230771952 0.995885419665 0.99759151168 0.99345682636 259.928171143 259.87667467 259.635600729
